0.00323354
0.0281492
0.00174946
0.0167446
0.00280702
0.0299048
0.0194305
0.00721927
0.00743285
0.0218219
0.00968482
0.00802313
0.0275831
0.0244287
0.00830822
0.016068
0.0121687
0.00971573
0.0141247
0.0188018
0.0235726
0.00630542
0.0130035
0.00736954
0.00914297
0.0175959
0.014624
0.0168792
0.0258194
0.00522016
0.0136673
0.0290529
0.00336935
0.0154167
0.0157976
0.00617637
0.0153215
0.00522809
0.0133956
0.0227544
0.02705
0.0230805
0.000777509
0.0246331
0.0175091
0.00908573
0.0107011
0.0296779
0.0188015
0.0248258
0.0184797
0.012374
0.00113124
0.00148315
0.0197436
0.0102742
0.019079
0.00436759
0.0271534
0.0148984
0.00958775
0.0108207
0.0139514
0.0129571
0.0262374
0.0297489
0.0191335
0.0115589
0.00497701
0.0025291
0.00431329
0.00202701
0.0256096
0.00509079
0.0266601
0.0131187
0.0141765
0.0073612
0.0127965
0.00297798
0.00218702
0.00127621
0.015352
0.00331826
0.00275935
0.00509557
0.0135925
0.0218384
0.00946316
0.0107459
0.00673679
0.0190509
0.0215665
0.0206881
0.00200801
0.0178039
0.0204371
0.0211415
0.0293628
0.0254141
0.0236706
0.00367606
0.0274411
0.0192801
0.00876686
0.0241012
0.0023988
0.0229434
0.00146237
0.0151953
0.0259214
0.00364938
0.0164715
0.0112734
0.00696764
0.0192309
0.0163689
0.0205601
0.0110693
0.0258321
0.00130596
0.0178061
0.014883
0.0228725
0.0084942
0.016891
0.0106763
0.0289313
0.00803251
0.0100391
0.0243453
0.00170309
0.0137152
0.0217864
0.0209832
0.022482
0.0158876
0.023382
0.0154254
0.0173499
0.00857736
0.0113468
0.0209993
0.0250489
0.0226202
0.027967
0.0142798
0.00898909
0.0185271
0.0253491
0.00482119
0.019833
0.0131551
0.0197042
0.0127055
0.0216493
0.00659523
0.0233819
0.0205806
0.0146277
0.00342098
0.0149259
0.0163308
0.0171362
0.00671233
0.00731405
0.00961822
0.0225999
0.000696084
0.0250437
0.00994986
0.00927345
0.00639045
0.000949194
0.00432234
0.0290106
0.0289162
0.0186021
0.0079997
0.0174432
0.0139512
0.0128209
0.00727628
0.0271063
0.00252509
0.0199818
0.0187556
0.00912031
0.0133636
0.00933617
0.023748
0.0167846
0.0242621
0.0100789
0.00392079
0.000974414
0.0173929
0.013539
0.0235743
0.018089
0.00858267
0.00352419
0.0273625
0.0149731
0.00447338
0.00168479
0.0139837
0.00338955
0.0202869
0.0219834
0.0208328
0.0042381
0.0048043
0.0281091
0.00134439
0.00732938
0.0180908
0.0201
0.0164497
0.00145448
0.0294362
0.0101977
0.0182391
0.0236982
0.0202766
0.0221599
0.0246727
0.00766953
0.00569891
0.018247
0.0257585
0.0142816
0.0217712
0.023121
0.0292547
0.0262446
0.0248058
0.0132384
0.0296341
0.0150927
0.00522181
0.0204669
0.0193308
0.0100261
0.0185759
0.0206752
0.0173555
0.00666679
0.0107752
0.00380518
0.00812127
0.0102113
0.0140029
0.0263604
0.00390958
0.00427953
0.0185203
0.0285822
0.0119491
0.0242192
0.0168292
0.00770759
0.00850075
0.00860039
0.000828581
0.00775544
0.00484495
0.0256344
0.0209938
0.00447905
0.0107271
0.0262156
0.0249459
5.78664e-05
0.00624175
0.0135219
0.0207331
0.0235972
0.0201887
0.00150823
0.0274024
0.0283099
0.0117196
0.0114053
0.0246703
0.0156291
0.0156849
0.0131906
0.0142114
0.0276339
0.00740975
0.0010406
0.00534153
0.0159105
0.00964099
0.00617011
0.0236659
0.0144859
0.00180447
0.0146598
0.018965
0.0125315
0.0108754
0.0139109
0.0125894
0.0171172
0.0274328
0.00332246
0.0107144
0.0176215
0.00483069
0.00811684
0.0159314
0.0165503
0.0195222
0.0106017
0.0021794
0.00520707
0.0237923
0.0163908
0.002841
0.00120201
0.0174314
0.00818254
0.0171125
0.0270724
0.0143526
0.0107784
0.0115583
0.0161571
0.0254382
0.0005233
0.0286887
0.00631362
0.0144342
0.0112781
0.0234308
0.011867
0.0146005
0.00414521
0.0294885
0.0194312
0.012262
0.0154199
0.00598147
0.00178424
0.0260216
0.00816086
0.00699131
0.0198138
0.0245516
0.00983231
0.0210158
0.011983
0.0180148
0.00812834
0.00905539
0.00236749
0.0189068
0.0206137
0.0185246
0.014345
0.021137
0.0172133
0.0206586
0.00557122
0.0284913
0.0140894
0.0174382
0.0130918
0.0182346
0.0169267
0.00252305
0.000496659
0.00234658
0.00850452
0.0022809
0.0283681
0.0166654
0.0092722
0.018182
0.011217
0.0191045
0.0091978
0.0232
0.00711936
0.0173261
0.00225543
0.00948686
0.00623292
0.0228691
0.0280115
0.0205779
0.0140061
0.0152247
0.0112365
0.0195774
0.0137161
0.0253259
0.00701559
0.0268079
0.0135605
0.0239423
0.029331
0.0140572
0.0262889
0.00783548
0.0163381
0.024657
0.0245009
0.0256103
0.012839
0.00571789
0.0147148
0.0220368
0.0289179
0.0218342
0.00936292
0.00117336
0.00132102
0.0155958
0.0240425
0.0293325
0.00617373
0.00804863
0.0145572
0.0174102
0.027626
0.0282733
0.0127362
0.00464157
0.0250812
0.0262967
0.0285839
0.0244122
0.0103539
0.0248728
0.00224763
0.026692
0.0195298
0.0267485
0.0223022
0.00236875
0.00246638
0.00701704
0.0244055
0.00138431
0.0288512
0.00376845
0.00255767
0.000172223
0.0193643
0.0266002
0.0295047
0.025538
0.00464879
0.0140619
0.0129483
0.00227477
0.0123352
0.0256844
0.00691634
0.00741641
0.0219811
0.00550021
0.00182856
0.00233497
0.000372958
0.00407619
0.0290269
0.0199027
0.000824683
0.0213292
0.0222715
0.00329106
0.0283462
0.016677
0.00467537
0.0271974
0.0204455
0.00723304
0.0273696
0.00980974
0.0038332
0.0268743
0.00534775
0.00848199
0.0109363
0.018296
0.0107568
0.0232715
0.0139804
0.0176731
0.000687896
0.00596153
0.0231733
0.00251646
0.0082965
0.0235463
0.00659265
0.00732342
0.013449
0.00741733
0.0286526
0.00572048
0.0107084
0.0269988
0.0223975
0.0153838
0.0241962
0.0128429
0.0226168
0.0215658
0.0226527
0.02645
0.0184401
0.0280004
0.004932
0.0293764
0.0162964
0.0156888
0.0226479
0.000276856
0.00336186
0.0233358
0.00623838
0.0265352
0.0258522
0.0145349
0.0200814
0.00244488
0.0218583
0.00353044
0.00986221
0.0205109
0.00925091
0.0205706
0.0175096
0.0016484
0.00595437
0.0117058
0.0144913
0.0285712
0.00327159
0.00714401
0.0250212
0.0217117
0.00514444
0.0299532
0.0210881
0.0214409
0.0156419
0.013736
0.0217177
0.0190038
0.00707175
0.0279561
0.015539
0.00292397
0.012491
0.00562041
0.00536885
0.00434928
0.00915085
0.0152311
0.0248601
0.0184018
0.00580167
0.0123698
0.0200502
0.011756
0.0240756
0.00454149
0.0103272
0.0273472
0.0116855
0.00534839
0.0190589
0.0168299
0.00530156
0.010147
0.00827082
0.0209435
0.023883
0.0299885
0.00994729
0.000954717
0.0279447
0.0254863
0.00387869
0.0104356
0.00110668
0.00924754
0.0147849
0.0102575
0.0244786
0.00964507
0.0286593
0.000280279
0.0220148
0.0187094
0.0120363
0.0160904
0.0232509
0.0223635
0.0134376
0.00493642
0.0277119
0.00249649
0.0217664
0.00301349
0.0126435
3.71829e-05
0.023957
0.00652645
2.5728e-05
0.00390427
0.00748117
0.0279704
0.0293905
0.0113599
0.00840603
0.000497215
0.0206074
0.0231909
0.0107547
0.015086
0.00283602
0.00941402
0.0153663
0.0248509
0.0281234
0.0274026
0.0109413
0.0213744
0.0197661
0.0243789
0.0263108
0.0174781
0.0268754
0.0180772
0.0204916
0.00951885
0.0181143
0.0144485
0.0160453
0.0181401
0.0183528
0.0235265
0.0161104
0.0177433
0.00488633
0.0245165
0.0182406
0.0254937
0.0177074
0.0289953
0.0105797
0.0205434
0.00840932
0.025946
0.0153943
0.00653276
0.0233486
0.0263356
0.0279071
0.0131148
0.0207145
0.0242179
0.000592841
0.0175898
0.0122951
0.0210844
0.0271087
0.000409405
0.00553293
0.013154
0.0185495
0.0238857
0.00668046
0.00465992
0.0116291
0.0115668
0.0291764
0.0298697
0.00706051
0.0168838
0.028865
0.0176402
0.00742726
0.00727427
0.0135863
0.0228216
0.013807
0.00693489
0.0191571
0.0117142
0.0200497
0.00987162
0.00593207
0.0206425
0.0274615
0.0182271
0.0117269
0.0245701
0.0186365
0.0172598
0.00772414
0.00718601
0.0111456
0.0144046
0.0118459
0.0227747
0.0259714
0.0110223
0.0226443
0.00303189
0.0279061
0.0215093
0.0206721
0.0053334
0.0287835
0.0042584
0.028155
0.0125906
0.0111933
0.0173121
0.0243047
0.00124295
0.0271837
0.000236773
0.0218854
0.0246452
0.0184639
0.00361235
0.0192153
0.00710045
0.0208722
0.0269395
0.0142865
0.00201774
0.011344
0.0261324
0.0247924
0.00731543
0.00715471
0.0174367
0.0103473
0.00506084
0.00894596
0.00101945
0.0103942
0.00772948
0.00527785
0.00854919
0.02032
0.0164711
0.0258613
0.0146247
0.0177141
0.023045
0.0148615
0.00959953
0.0176902
0.00332542
0.0132119
0.0069055
0.0104259
0.00408405
0.00384496
0.0247123
0.00610179
0.015189
0.0208447
0.000894191
0.0225044
0.0279994
0.0183309
0.00285175
0.00306027
0.0272769
0.00387121
0.0134545
0.00500634
0.00914905
0.0220037
0.0253264
0.0256202
0.017865
0.00995112
0.0133343
0.01091
0.0248126
0.0229338
0.0286002
0.0281381
0.00614567
0.00550569
0.00856392
0.0102297
0.00935065
0.00327625
0.0163315
0.0245397
0.024121
0.0172257
0.0170441
0.0221204
0.0055566
0.0198958
0.0251807
0.00283345
0.023767
0.00863516
0.0078398
0.0029161
0.000638866
0.00316617
0.0285363
0.0185039
0.0131173
0.0118706
0.0294139
0.00792992
0.00480435
0.0280141
0.00606797
0.01095
0.00351975
0.0146319
0.0211797
0.0128704
0.0179081
0.00751126
0.00741005
0.0120291
0.024737
0.0244541
0.0041495
0.000293562
0.01435
0.0293302
0.00312702
0.00811702
0.00796532
0.0109668
0.0110331
0.00860419
0.014133
0.0095694
0.027108
0.0272503
0.02144
0.0265219
0.00518019
0.0262443
0.024536
0.0112482
0.00719434
0.0280557
0.02588
0.0283741
0.0109261
0.0137882
0.00588535
0.0183362
0.0258173
0.000622309
0.0127903
0.0299668
0.000915871
0.0271403
0.0292969
0.00404289
0.00525729
0.00726227
0.0150097
0.0162904
0.0158665
0.0291427
0.0258598
0.0129745
0.026393
0.0172998
0.00949641
0.00157314
0.0135441
0.00403239
0.0128213
0.0207384
0.00208811
0.00870133
0.0191125
0.0130142
0.0224895
0.0249979
0.00135039
0.0183068
0.0256202
0.0141407
0.0182736
0.026536
0.011281
0.0175706
0.000578924
0.0165382
0.0248328
0.0155886
0.00282865
0.0106993
0.0147313
0.0286885
0.0236738
0.0111243
0.0159882
0.00317019
0.0126974
0.0295323
0.00720257
0.0255187
0.0202707
0.00929068
0.00422001
0.00938325
0.0223049
0.0267095
0.00438111
0.0236553
0.0150163
1.27303e-06
0.00779598
0.00328995
0.0265373
0.0190769
0.0208605
0.0271162
0.00561518
0.0156933
0.0127049
0.00844383
0.0263926
0.0274362
0.00713229
0.0200664
0.00856042
0.0231205
0.0232366
0.0212578
0.0226528
0.000439131
0.0167765
0.0129236
0.00972981
0.0209965
0.0223068
0.00203472
0.017706
0.0266879
0.02569
0.00272238
0.0266892
0.00348599
0.00601233
0.0232265
0.0225629
0.0268728
0.0203427
0.0281781
0.0125661
0.0030476
0.00662193
0.00895874
0.000483759
0.0137542
0.0290251
0.00904418
0.00687473
0.0222617
0.000301985
0.0295276
0.0227008
0.0170785
0.0124511
0.00243061
0.00807498
0.00475795
0.00446533
0.025781
0.00144587
0.000155333
0.0285034
0.0281351
0.00364132
0.00451572
0.0213616
0.0262042
0.00138855
0.0117043
0.0243823
0.0139547
0.0147519
0.00100427
0.0229134
0.0152357
0.0147585
0.0219385
0.0242798
0.0216332
0.0142002
0.0245818
0.0211608
0.00690101
0.0116603
0.00361192
0.00933162
0.0197353
0.00836986
0.0137969
0.0155163
0.00981573
0.0139523
0.0140197
0.0079508
0.0175936
0.0185354
0.0293124
0.0137978
0.019924
0.0110167
0.00818017
0.00387867
0.0257686
0.00918444
0.0267921
0.0110043
0.0239429
0.0187307
0.0052841
0.0155761
0.00293087
0.0298659
0.00673693
0.00983187
0.0115262
0.0103488
0.0191635
0.00126152
0.0187187
0.00296043
0.0167778
0.0285344
0.0169127
0.000797524
0.00648524
0.0045063
0.0193329
0.00579761
0.0183041
0.00925692
0.0168143
0.0264843
0.0131356
0.0125829
0.00566874
0.00992769
0.0235871
0.0296117
0.0286583
0.0288713
0.0151878
0.00158921
0.0287372
0.0219247
0.0114211
0.0102634
0.00227358
0.000584575
0.0115249
0.0209923
0.00354501
0.0283028
0.0195267
0.0204577
0.0291003
0.026012
0.024964
0.0184332
0.00180958
0.0132681
0.0276902
0.0186239
0.00975245
0.0108257
0.00120676
0.0154212
0.0207534
0.0247939
0.0150329
0.0194118
0.0236652
0.000220661
0.021001
0.0224023
0.0221454
0.00242208
0.00266576
0.024419
0.00300665
0.0141907
0.0154113
0.00655166
0.0124935
0.00493799
0.0270094
0.0115938
0.000949961
0.0219734
2.70019e-05
0.00275954
0.00524153
0.0277172
0.0213834
0.014994
0.0085429
0.0225902
0.000415173
0.0292963
0.0173841
0.015448
0.0187081
0.0110492
0.0156687
0.00970911
0.00345156
0.00781408
0.0121312
0.00611732
0.00223306
0.0151378
0.020308
0.0176443
0.0216895
0.00280149
0.0225823
0.0186989
0.0143953
0.0235323
0.0106723
0.0144223
0.0262918
0.0159138
0.0121394
0.0176752
0.000907781
0.0206823
0.0102654
0.00132295
0.0199787
0.0276495
0.016771
0.00868677
0.0086987
0.00243966
0.0183959
0.0121503
0.0102537
0.00052707
0.0182676
0.0124868
0.0156649
0.00857561
0.000131137
0.00735441
0.0113771
0.0227135
0.0260533
0.0257724
0.0162457
0.00672555
0.0101946
0.0125376
0.0226393
0.022334
0.000212799
0.0235471
0.0130164
0.0104782
0.0248701
0.00299501
0.00812767
0.0116411
0.0116818
0.0168264
0.0140807
7.766e-05
0.0289766
0.0243345
0.00060473
0.0172442
0.00682128
0.0162696
0.0258198
0.00695241
0.0236241
0.00719694
0.0296659
0.0196773
0.0029693
0.0159116
0.0264029
0.0131639
0.0284492
0.0190422
0.00549795
0.028662
0.0125893
0.0185143
0.00914018
0.00745943
0.0215093
0.0172679
0.0191005
0.00319108
0.00409423
0.0031812
0.00326874
0.00307087
0.0275157
0.00387347
0.0203151
0.00433694
0.0201431
0.0161349
0.0112894
0.0137672
0.0233319
0.0109552
0.0034445
0.0263012
0.0268668
0.0298474
0.00946507
0.025316
0.0188896
0.014963
0.023978
0.00147896
0.00347731
0.00311818
0.00893839
0.0249866
0.020386
0.0280389
0.0281777
0.0244803
0.00122007
0.00144645
0.0275511
0.0287357
0.00531992
0.0178662
0.00307268
0.025463
0.00400114
0.014362
0.0092302
0.027333
0.0253173
0.0126747
0.0236341
0.0221841
0.0125221
0.00309922
0.0175001
0.0014117
0.0180622
0.0114781
0.00289066
0.0215395
0.0145963
0.0118291
0.0165262
0.00498233
0.00986792
0.0147039
0.0294626
0.011088
0.0161503
0.0270137
0.00982372
0.0214702
0.0148799
0.0128964
0.0169333
0.0188811
0.0272584
0.0261635
0.0162141
0.0225757
0.00883819
0.0098482
0.0147598
0.0213603
0.0129474
0.00225994
0.022772
0.00100965
0.0137381
0.0256626
0.0225492
0.0283344
0.0074917
0.00907536
0.0033167
0.0173596
0.0237792
0.00277929
0.0284476
0.00992955
0.029793
0.00827133
0.00139979
0.0146729
0.0211677
0.0183331
0.003554
0.0184262
0.0144965
0.0197681
0.0110019
0.0233347
0.0296163
0.0257617
0.014695
0.0125637
0.0280216
0.007467
0.0135733
0.0117597
0.00312965
0.00612252
0.010094
0.0106214
0.0151979
0.0134108
0.027981
0.00897711
0.01619
0.0264286
0.0189067
0.0159831
0.00469991
0.0203064
0.000655989
0.0258676
0.00863951
0.00420999
0.0142938
0.0231361
0.023978
0.0252957
0.0164708
0.0235943
0.0210574
0.00116582
0.00615798
0.019079
0.00863282
0.0197313
0.000838669
0.0117625
0.0258538
0.0109327
0.0223838
0.0110517
0.0243435
0.0203648
0.0200288
0.0105335
0.0167934
0.00893548
0.0265166
0.0214933
0.0292419
0.0271726
0.0173609
0.00788144
0.00138254
0.00165473
0.0010175
0.0253606
0.0269504
0.0174883
0.0189549
0.0180078
0.0186541
0.0251129
0.00708676
0.0272869
0.0148442
0.00792543
0.00904941
0.010698
0.0188582
0.00143324
0.0217497
0.0132016
0.021798
0.0117785
0.0237351
0.00859142
0.020714
0.0202517
8.47013e-05
0.019956
0.0174243
0.0174456
0.0278374
0.0188068
0.0191003
0.0288549
0.0141674
0.0160508
0.0163432
0.00312227
0.00405853
0.00499732
0.0282351
0.0111453
0.00228426
0.0130793
0.0190707
0.0113337
0.0237773
0.00792888
0.0127669
0.015527
0.0211305
0.00456495
0.0273056
0.0148656
0.0131564
0.0180196
0.00511733
0.0132411
0.00797557
0.0225416
0.000686687
0.00581298
0.0113484
0.019787
0.00466788
0.0255158
0.00583779
0.0210111
0.028638
0.00989633
0.0260084
0.0268732
0.0210416
0.0282927
0.00995247
0.0101124
0.00962634
0.00372979
0.0180412
0.0223932
0.0192568
0.00917174
0.0269582
0.0165624
0.0240374
0.0101146
0.00458204
0.0291547
0.0233556
0.0125576
0.0216963
0.0240423
0.0183706
0.00304466
0.0138294
0.0230385
0.0285604
0.0196671
0.0140496
0.0271984
0.0295635
0.010058
0.0240716
0.0206051
0.00835065
0.00402408
0.000717459
0.017977
0.00775387
0.0187587
0.0103702
0.0270107
0.0279304
0.00732843
0.0135731
0.0219678
0.017443
0.0181552
0.0211225
0.0107986
0.000712773
0.0128188
0.00484094
0.0190834
0.0158634
0.0186703
0.0121218
0.0144238
0.00833743
0.0261714
0.0116223
0.00790091
0.00622937
0.00569389
0.028506
0.01458
0.00971797
0.0292235
0.002557
0.0174718
0.0179822
0.0129272
0.0144825
0.0159126
0.0202557
0.0280557
0.00788039
0.00769867
0.0162108
0.0290029
0.0184973
0.0169236
0.0118217
0.0233382
0.00600697
0.0276851
0.0120085
0.0181288
0.0121089
0.0203459
0.0143002
0.0237312
0.0282469
0.0205296
0.0294251
0.0267529
0.00510957
0.00914307
0.0259763
0.00766657
0.0266149
0.0139585
0.0205938
0.0110974
0.0298711
0.0108495
0.00915311
0.00775149
0.0185481
0.0253639
0.00675438
0.00704543
0.0122875
0.018576
0.000383659
0.0182945
0.0162611
0.0123922
0.00642331
0.02837
0.00273812
0.0207235
0.0221013
0.000984976
0.0112531
0.0215264
0.0277378
0.0163626
0.000669432
0.0237142
0.0240292
0.0272843
0.00767268
0.014623
0.00838178
0.00754378
0.0254725
0.0175349
0.0152953
0.0140206
0.0128988
0.0220496
0.0210661
0.0251864
0.0106257
0.0214497
0.0134809
0.0268868
0.00384191
0.0199042
0.0252568
0.00658003
0.0106277
0.0173581
0.007565
0.0218808
0.00888447
0.00530285
0.00824342
0.0095539
0.029017
0.00227262
0.00683824
0.00668971
0.0168956
0.01522
0.0142335
0.0123681
0.00275492
0.0295287
0.0263888
0.0156538
0.0215784
0.0174548
0.0108402
0.00220407
0.00890458
0.0243211
0.0290909
0.0127465
0.0142253
0.0243477
0.0193265
0.024853
0.0117058
0.0268915
0.0167338
0.0205903
0.00219436
0.0249772
0.000144195
0.00121139
0.0272498
0.00698244
0.00790109
0.0141455
0.0222025
0.0221346
0.0265136
0.0249574
0.0216633
0.0229024
0.0106111
0.0132417
0.0103572
0.0214513
0.0154458
0.0192618
0.0157723
0.0145366
0.00200827
0.0299976
0.00888435
0.0213348
0.0248506
0.0205902
0.0182263
0.0115844
0.0111805
0.0204207
0.00656162
0.0113247
0.021632
0.00381145
0.0183071
0.0295331
0.0179569
0.0105095
0.0216677
0.0144705
0.00546693
0.013331
0.00737285
0.0160781
0.0265728
0.0177301
0.00752935
0.0120185
0.00699184
0.0233017
0.0265552
0.0090001
0.0232993
0.00543954
0.000334886
0.01815
0.0260297
0.0185612
0.0297344
0.00721017
0.00898185
0.00629599
0.0185348
0.000613896
0.0101074
0.00684192
0.00014704
0.0280643
0.0173515
0.0218148
0.0125348
0.0228184
0.0051458
0.0199077
0.00889646
0.00171856
0.00763774
0.0164258
0.0137371
0.0146296
0.00972751
0.0102923
0.0236297
0.00302684
0.0157318
0.0239646
0.0211768
0.0117615
0.0125258
0.0209112
0.0189717
0.0215076
0.0272071
0.00750654
0.0221215
0.00731458
0.0143485
0.0222685
0.00537892
0.00169993
0.0140833
0.0179138
0.0245183
0.0192291
0.00782144
0.00341479
0.0209477
0.0154592
0.0198406
0.00468476
8.87513e-05
0.0295681
0.0149771
0.0237184
0.00259495
0.000708884
0.017683
0.0237717
0.0124704
0.000208746
0.0146829
0.00144214
0.0217163
0.01189
0.00894868
0.0138378
0.0192046
0.0232971
0.00610637
0.0245835
0.0249971
0.0201897
0.0124973
0.0195154
0.00941876
0.0203187
0.0229302
0.000366417
0.00577792
0.0127708
0.00505118
0.00586667
0.0123389
0.0200282
0.0295851
0.0149338
0.0207371
0.0172681
0.00870558
0.00320755
0.0174768
0.0233885
0.00464968
0.00919318
0.00527852
0.0135984
0.023031
0.0244831
0.00689551
0.0291374
0.0190667
0.00189258
0.019327
0.001564
0.021408
0.0287458
0.0218827
0.0143382
0.0291122
0.0276607
0.027109
0.0041634
0.00352732
0.00944785
0.0241916
0.00311242
0.0243817
0.0149288
0.0203805
0.00308727
0.0181363
0.00785735
0.0264757
0.022786
0.0170505
0.00175426
0.00638435
0.0100815
0.0262374
0.0132799
0.00921893
0.0153041
0.0151724
0.028546
0.0168681
0.00658043
0.0272918
0.00875083
0.0209186
0.026404
0.00641148
0.0180276
0.0005674
0.0099388
0.0274754
0.024759
0.0130512
0.0218571
0.00968779
0.00343173
0.0249444
0.0278241
0.0112891
0.0214201
0.0206101
0.0283396
0.0231744
0.0269944
0.00842116
0.0194118
0.0102743
0.0176401
0.00471586
0.0254467
0.0161861
0.021584
0.00202717
0.0134779
0.000334789
0.0229458
0.00988186
0.00674627
0.0109733
0.0104493
0.0166851
0.00844873
0.00520829
0.0297363
0.000305816
0.0148961
0.00316803
0.0252502
0.0127202
0.0144571
0.0166703
0.00333027
0.0127967
0.00984462
0.000324702
0.0212179
0.0292564
0.010599
0.00885798
0.00397224
0.00604574
0.0250441
0.0255562
0.00807292
0.00852191
0.025891
0.00101869
0.0184038
0.00263726
0.011992
0.028853
0.0193223
0.0204407
0.00406132
0.0190586
0.0207466
0.0189574
0.0222267
0.0159967
0.00167759
0.00668378
0.00266699
0.00500785
0.0194805
0.0125116
0.00533255
0.0106984
0.011768
0.0159316
0.0195564
0.0157402
0.0219773
0.0146004
0.0112964
5.02164e-05
0.0231223
0.00718743
0.0010689
0.0115261
0.00982469
0.0130609
0.0103791
0.029147
0.00350165
0.0144405
0.0182057
0.0242482
0.00339787
0.0104323
0.0102449
0.00507545
0.0171161
0.0129119
0.0100833
0.0065966
0.0254235
0.0154159
0.017295
0.00719153
0.00134742
0.00685136
0.0229318
0.0233247
0.0214518
0.00422822
0.0233749
0.0145741
0.0114156
0.0244438
0.0261002
0.0212403
0.00750475
0.00647937
0.0203874
0.0110064
0.0209198
0.00859303
0.0052546
0.0243177
0.0190254
0.0154995
0.0293932
0.00614147
0.0284114
0.00947646
0.0127381
0.023835
0.0248923
3.30612e-05
0.00102651
0.0262397
0.00688442
0.0239583
0.0195645
0.0283362
0.0281865
0.0129394
0.0129103
0.00960214
0.00738323
0.00901056
0.000842479
0.014888
0.0154899
0.0212298
0.0258944
0.00640976
0.0298229
0.00114897
0.000727462
0.0188482
0.0166485
0.000120614
0.0249897
0.0150599
0.00959707
0.00772777
0.00889492
0.00448939
0.00776084
0.00992143
0.000729129
0.0146453
0.00387972
0.0202936
0.0129815
0.00206621
0.00323297
0.0258918
0.0116684
0.0106162
0.00490234
0.0125108
0.0255042
0.0203923
0.00374068
0.0213985
0.026802
0.00356356
0.0225475
0.0275295
0.0224118
0.00919602
0.0276501
0.0174015
0.024256
0.00724718
0.0251293
0.00315089
0.0117366
0.00289011
0.0130723
0.0124657
0.0175354
0.016952
0.00275928
0.000516815
0.0190182
0.00599225
0.0264086
0.000686607
0.0166085
0.00131093
0.0131974
0.0121126
0.0217032
0.0169381
0.00351118
0.0185052
0.0205017
0.0260587
0.0160347
0.0129135
0.00525472
0.0136848
0.000314966
0.0295107
0.020932
0.0254442
0.00266158
0.00266857
0.0283343
0.0157339
0.0151343
0.0158697
0.00268593
0.0178936
0.0163865
0.0217042
0.0238858
0.0127951
0.0223908
0.0104943
0.014106
0.00558823
0.0226069
0.00580923
0.0225264
0.0261181
0.0243145
0.013028
0.0221768
0.0103492
0.0259415
0.0274315
0.024034
0.0262565
0.0269422
0.014966
0.0217007
0.0296038
0.0176346
0.020035
0.0153377
0.00276886
0.00590475
0.0180236
0.0206624
0.0222913
0.00972776
0.0145482
0.00508637
0.00211854
0.0250425
0.0191924
0.00770677
0.0176494
0.0250016
0.000233125
0.0137674
0.0193161
0.0132612
0.0059442
0.0296653
0.00920266
0.00337569
0.0236993
0.00545913
0.000317871
0.0086653
0.0271598
0.0299216
0.0262999
0.0171949
