0.0166372
0.0095104
0.0115676
0.0152301
0.0190205
0.0105165
0.0118992
0.00107532
0.0194024
0.008267
0.0166532
0.00844069
0.00345912
0.00844873
0.00280316
0.00441042
0.000163876
0.00656316
0.00711519
0.0156182
0.00492096
0.00085106
0.0164258
0.00265101
0.017833
0.0142689
0.00305147
0.0137638
0.00412496
0.000252409
0.0167959
0.000762121
0.00976281
0.00836352
0.0159922
0.00878332
0.01888
0.00789138
0.00985864
0.0182824
0.0161584
0.00651183
0.00672307
0.0196175
0.0149606
0.00952623
0.00402791
0.0151244
0.0160894
0.0111431
0.0107426
0.00101035
0.0119942
0.00716848
0.00366137
0.00982715
0.00143743
0.00671284
0.00359092
0.00556239
0.00696525
0.000386863
0.00632451
0.0167281
0.00875038
0.00231672
0.00551138
0.00763039
0.0102081
0.01537
0.00591277
0.00636648
0.00188185
0.0126358
0.00598397
0.0168424
0.00216207
0.0100119
0.0119669
0.0182515
0.00115498
0.00270949
0.0192618
0.0131491
0.00987797
0.00292318
0.00297629
0.0113154
0.00963602
0.00656721
0.0168778
0.0166013
0.00695407
0.0032023
0.0133293
0.0157045
0.00551902
0.0188407
0.00333484
0.0157271
0.0142107
0.00924761
0.00209359
0.0160926
0.00188345
0.00807756
0.012935
0.00404551
0.0180894
0.00490184
0.00229698
0.0192444
0.00761133
0.00155879
0.0123936
0.0174893
0.00448197
0.0153699
0.00880469
0.014118
0.00193707
0.00568248
0.0107193
0.00889114
0.00888478
0.00404858
0.00459559
0.0144038
0.00288928
0.00793043
0.0101309
0.0171
0.017178
0.0122245
0.0131926
0.0190615
0.000302079
0.00612757
0.003107
0.0183915
0.0110294
0.00540398
0.0176359
0.0186407
0.00696277
0.0100295
0.01613
0.0114447
0.00539936
0.00493474
0.00556273
0.00733643
0.0106172
0.016282
0.0162276
0.019502
0.000330569
0.000823164
0.0139058
0.00321985
0.0087536
0.00403673
0.000319851
0.00593164
0.0162612
0.0135124
0.00499312
0.0165633
0.01964
0.00810012
0.0149548
0.0106694
0.0135041
0.0125908
0.00931017
0.000466865
0.0026203
0.00544022
0.0119116
0.00801966
0.010375
0.0174743
0.0153561
0.000992176
0.0137563
0.0115837
0.00049418
0.0140869
0.0124068
0.0144
0.0173067
0.00116043
0.0184367
0.0176266
0.00709206
0.014698
0.011139
0.0120852
0.0112613
0.010779
0.000185308
0.00621614
0.00144846
0.0136894
0.0188069
0.0107586
0.0141563
0.00142723
0.0161988
0.00606788
0.00944689
0.0065738
0.00354222
0.00480299
0.00756598
0.0172985
0.0163867
0.00806016
0.0113854
0.00879348
0.00246015
0.0086922
0.00995391
0.000896867
0.0063188
0.017046
0.0155948
0.0174578
0.00913116
0.00685613
0.00823687
0.00931646
0.0130723
0.00968532
0.00300587
0.0118792
0.000443954
0.0171621
0.0133064
0.0166428
0.00323002
0.00275333
0.0032166
0.00677224
0.00755631
0.0107826
0.00407079
0.00394297
0.0188427
0.0154562
0.0127364
0.00130288
0.00414843
0.00269035
0.00219975
0.0104672
0.0197363
0.0177946
0.00792506
0.00886748
0.00465071
0.0161619
0.0181839
0.017723
0.00584725
0.00118981
0.00960219
0.0062912
0.018352
0.00290863
0.002934
0.00158197
0.00566196
0.0061506
0.00835421
0.0132183
0.0169332
0.012425
0.0171612
0.0157759
0.00788123
0.00989768
0.0170788
0.0120297
0.012588
0.0192785
0.0024969
0.0123244
0.0170731
0.010422
0.00119184
0.00172383
0.00658388
0.0193758
0.0194468
0.0124311
0.000565595
0.009049
0.0187223
0.0189176
0.0119576
0.00165634
0.000499526
0.0176196
0.00780695
0.00885374
0.0108379
0.00474013
0.00127873
0.00799909
0.000516036
0.00915997
0.0178968
0.0175948
0.00118963
0.0104848
0.0168734
0.00368653
0.00280917
0.0139465
0.0141085
0.004001
0.0156703
0.000692375
0.00337678
0.0151171
0.0131235
0.00394238
0.00416612
0.0118458
0.00285993
0.0161237
0.0135022
0.00335945
0.0137433
0.00130914
0.0122132
0.00458119
0.00604927
0.0134919
0.0125803
0.0065653
0.00265189
0.0104771
0.00416013
0.00384153
0.000961863
0.00103348
0.00752806
0.00377103
0.01498
0.00163655
0.00777203
0.0106503
0.00232892
0.0111488
0.00576737
0.0154524
0.0150912
0.00993348
0.00729828
0.0179511
0.00605723
0.000800476
0.00131058
0.0198006
0.00210962
0.0135238
0.00438175
0.00815888
0.00701569
0.016962
0.0147242
0.00966758
0.00743908
0.0188843
0.0135091
0.00840095
0.0199178
0.00103717
0.012172
0.0148978
0.00267372
0.019944
0.00554801
0.00500264
0.0110928
0.0113154
0.000455073
0.00618402
0.00124886
0.00775336
0.00413514
0.00730609
0.00855383
0.00544571
0.00710665
0.0106634
0.0189695
0.0114884
0.0188223
0.00598517
0.00845043
0.0135465
0.0156528
0.0158895
0.0124308
0.00916187
0.00429046
0.0123486
0.010199
0.0164624
0.00724637
0.0128728
0.0164064
0.0127944
0.0178754
0.00749927
0.00410975
0.0183305
0.0136833
0.0053586
0.00608382
0.0178184
0.0126647
0.0146377
0.00326414
0.0197713
0.0053011
0.00223361
0.0112597
0.00412343
0.00821878
0.0197102
0.0176699
0.00387154
0.0155997
0.0101008
0.0130334
0.0198901
0.00244939
0.00323244
0.0163526
0.00969575
0.0161052
0.012759
0.00249013
0.0139806
0.000258288
0.00659987
0.0123111
0.0139416
0.0119585
0.0183949
0.01176
0.00462317
0.0130325
0.0150241
0.00439451
0.0183336
0.0172577
0.0156542
0.00245707
0.00547653
0.0153644
0.000127016
0.00934807
0.0109641
0.0102278
0.00238148
0.0108542
0.0126772
0.00561392
0.0072068
0.00237292
0.00171912
0.0199658
0.00486305
0.0156997
0.000224103
0.0114629
0.00801077
0.0141657
0.0034214
0.00640565
0.00592567
0.00804456
0.0194382
0.000949804
0.0124391
0.0177718
0.0182075
0.00809331
0.000228893
0.00368408
0.00345772
0.00035591
0.0130321
0.0144218
0.0105837
0.0154136
0.00527603
0.00326087
0.00102754
0.0124828
0.00563379
0.00274666
0.0124486
0.0104968
0.0184464
0.0126727
0.00195977
0.00645713
0.00683842
0.00538116
0.0128628
0.0127641
0.0134257
0.012301
0.0137139
0.0058648
0.0100728
0.0119214
0.0139581
0.0103017
0.0156055
0.0174158
0.0106576
0.00863767
0.0118376
0.00124129
0.0040513
0.0171137
0.00450215
0.00507884
0.0095965
0.0101359
0.0078255
0.00204514
0.000632788
0.00627187
0.0147179
0.00259255
0.012729
0.00155632
0.00797372
0.00559178
0.0143204
0.00139945
0.0178928
0.00803431
0.00726425
0.00796554
0.0199558
0.00122236
0.0182672
0.0155613
0.0186382
0.00892481
0.00419896
0.0104758
0.0101661
0.00825026
0.0075895
0.0146683
0.0133291
0.017186
0.0048042
0.0011546
0.0192311
0.00543699
0.00742646
0.013949
0.00802954
0.000155464
0.0155054
0.0160033
0.00574725
0.00982577
0.0174027
0.00364
0.0178601
0.00466695
0.0116055
0.0178158
0.00588931
0.00987276
0.0133771
0.0045275
0.0187976
0.0175761
0.0150033
0.00896367
0.00582634
0.00259283
0.00363192
0.0191554
0.0197788
0.00843612
0.000310031
0.01901
0.0138731
0.00773649
0.012959
0.00190264
0.00789196
0.00846439
0.0179059
0.0136392
0.0182902
0.0153086
0.0172792
0.0161502
0.0199755
0.00888474
0.0139661
0.00586486
0.0187575
0.0073432
0.0103924
0.0175551
0.00491928
0.00539568
0.00651874
0.0107456
0.00798852
0.0101507
0.00990106
0.00776736
0.0185868
0.0102111
0.00677735
0.0124599
0.0179476
0.0197364
0.0143625
0.00583954
0.00820076
0.0122684
0.0194787
0.00649092
0.00757702
0.016758
0.00264115
0.00755257
0.0056427
0.0166072
0.0134174
0.00440019
0.00395042
0.00380978
0.00195526
0.0088697
0.00920546
0.008474
0.0196153
0.017194
0.0186247
0.00951638
0.00496134
0.0172114
0.0197275
0.0117387
0.00967132
0.0176751
0.0114751
0.00403384
0.00351459
0.0196758
0.0163023
0.00299334
0.00616674
0.00387929
0.0197513
0.00880789
0.0114319
0.00539399
0.00541511
0.00484929
0.00979419
0.00936552
0.00865907
0.0117495
0.0182352
0.0178645
0.000223452
0.0178505
0.0150585
0.0188481
0.00736692
1.98553e-05
0.0160596
0.00709439
0.0117585
0.00573087
0.00476944
0.0032336
0.00976472
0.00828404
0.00290942
0.00606698
0.0112774
0.00907616
0.00994627
0.0110287
0.017884
0.00137813
0.0164227
0.00329915
0.00622741
0.00621686
0.0126647
0.0148865
0.0179663
0.0108999
0.012751
0.0181898
0.00875044
0.00780953
0.0170379
0.0161174
0.00782939
0.0130974
0.00321176
0.0195879
0.0188283
0.0079812
0.00282153
0.00859301
0.0162652
0.00573095
0.01466
0.00754262
0.0148071
0.00460626
0.0185713
0.0126912
0.00598439
0.014994
0.0159903
0.0122118
0.00121082
0.00865499
0.00709828
0.0191771
0.0195549
0.0198493
0.0173669
0.00830534
0.00765883
0.0144048
0.0044227
0.0154882
0.00750218
0.00763446
0.0150761
0.00633047
0.0156157
0.0178977
0.0149235
0.0118809
0.00362863
0.00958347
0.0194235
0.0184357
0.0141897
0.0179948
0.0111269
0.000174114
0.0129888
0.00711722
0.0123859
0.0141996
0.0157722
0.0194842
0.0133767
0.0153271
0.0193335
0.0107436
0.00363245
0.00699233
0.00514837
0.00805515
0.00248055
0.0126505
0.0156896
0.0175567
0.018981
0.0113053
0.0154544
0.0139045
0.00318616
0.019083
0.00348797
0.00260967
0.0175187
0.0176777
0.00060448
0.00864565
0.0178518
0.0135933
0.0157629
0.0102377
0.00779286
0.0115351
0.00972192
0.00116958
0.0068622
0.00905542
0.0119132
0.0104947
0.0160477
0.0170616
0.0185498
0.0185283
0.0097121
0.0142394
0.016085
0.00869312
0.00554467
0.0115394
0.00259762
0.00873082
0.0106224
0.00608559
0.0113405
0.00814111
0.00376328
0.011945
0.0167868
0.00161509
0.00553823
0.0125496
0.0118528
0.0133311
0.00408474
0.00157474
0.0145007
0.0109469
0.0106302
0.00641386
0.00144159
0.0066779
0.00347542
0.0199914
0.0052062
0.0131875
0.0142308
0.00129118
0.00188064
0.0197755
0.0128305
0.00447826
0.00850629
0.00345291
0.0105638
0.0198468
0.011594
0.0143271
0.0117918
0.00838078
0.0159422
0.01733
0.000930426
0.00779505
0.0106611
0.00501516
0.00936979
0.00516175
0.0159621
0.0199999
0.0115756
0.0174037
0.00667785
0.015051
0.0173951
0.011884
0.00823856
0.0116259
0.0131752
0.0101192
0.0114014
0.00600578
0.0145975
0.0199076
0.00945869
0.00516132
0.0197544
0.00105271
0.0194885
0.0115462
0.00943349
0.0154307
0.00887619
0.0103639
0.00322572
0.0195373
0.0153791
0.0125955
0.00469903
0.0113412
0.0125955
0.0162747
0.00874487
0.0192733
0.0113257
0.00613996
0.0111574
0.0195643
0.0177658
0.00433259
0.00968347
0.0091672
0.0103384
0.00428094
0.00907485
0.0197971
0.00944226
0.00882928
0.000849762
0.00893071
0.00037548
0.0102833
0.00436139
0.00925167
0.000647169
0.00758711
0.00878895
0.0160262
0.00018262
0.013488
0.00736743
0.0127781
0.00976264
0.0161123
0.0120514
0.00108833
0.00225226
0.00320875
0.000652585
1.80999e-05
0.00754134
0.0103361
0.0091853
0.0178797
0.014617
0.0182601
0.0176768
0.00405925
0.00708943
0.0185265
0.01299
0.00746491
0.00880978
0.0173513
0.0167166
0.00945695
0.00493845
0.00550553
0.00548319
0.00512107
0.0189935
0.0128506
0.0178991
0.00875616
0.00896292
0.00995053
0.00984449
0.0112152
0.0131593
0.0104971
0.0112333
0.000700619
0.000833124
0.000418572
0.0185803
0.0154501
0.0186787
0.0162571
0.0195094
0.00576814
0.0147836
0.0124993
0.013233
0.0035934
0.00985065
0.00994963
0.0130503
0.0147891
0.0154552
0.0185335
0.0199102
0.0144487
0.0113842
0.0178093
0.00320484
0.000347075
0.00775984
0.0130493
0.0115622
0.000919126
0.0035464
0.00279552
0.00161974
0.00437953
0.00321409
0.000200072
0.0198296
0.00189281
0.0164572
0.019339
0.00766095
0.0112408
0.0118383
0.000893999
0.0148342
0.00168896
0.0108436
0.00788452
0.0164781
0.00629879
0.00641806
0.0163882
0.000747475
0.0178022
0.0141975
0.00395232
0.0181493
0.00195738
0.0170016
0.00971154
0.00287651
0.000548053
0.0125071
0.00449625
0.00492758
0.0157212
0.00469632
0.00475722
0.017614
0.00115349
0.00409622
0.00527491
0.0123943
0.0159345
0.00616891
0.00722844
0.0176235
0.0170125
0.015113
0.0141016
0.00331133
0.00153102
0.0104898
0.0040588
0.0193332
0.00468733
0.00801112
0.0174825
0.00664471
0.00501277
0.00719406
0.00952122
0.00556082
0.0197011
0.0140175
0.0104884
0.0154223
0.0187138
0.0152456
0.0130362
0.0198673
0.0193419
0.0183111
0.0122616
0.0152764
0.00448005
0.01949
0.0128999
0.00149259
0.014603
0.00700145
0.00480392
0.016134
0.0174912
0.00886272
0.0154672
0.00217857
0.0168738
0.0129497
0.00882327
0.00188661
0.000143797
0.0183445
0.00744743
0.0198449
0.012362
0.0179358
0.0152672
0.0110758
0.0131815
0.00830341
0.010943
0.0125233
0.00661456
0.00320459
0.00779971
0.0110946
0.00269458
0.0006996
0.0125872
0.0172975
0.00770105
0.0173911
0.0134315
0.00519229
0.00625383
0.00889874
0.00737086
0.00312766
0.00184848
0.0161941
0.00501427
0.00199227
0.0145386
0.0124617
0.00183719
0.00690058
0.0103975
0.0171044
0.0179763
0.00357901
0.00540779
0.00891937
0.0161023
0.0120223
0.012124
0.00390204
0.00311695
0.0148185
0.00460164
0.0157041
0.0121161
0.0123027
0.0130952
0.00554761
0.017495
0.0193491
0.0144463
0.00486584
0.00247674
0.0162948
0.00105997
0.00749101
0.0182871
0.0155986
0.0199527
0.000124283
0.00249918
0.0103503
0.0172287
0.000475513
0.0139293
0.00263644
0.00939489
0.0100316
0.0146588
0.00151885
0.0139336
0.0177757
0.0163374
0.0185353
0.0134799
0.00845347
0.010838
0.00657512
0.0140011
0.00833294
0.00592419
0.00844743
0.0131988
0.00840093
0.00474225
0.0142588
0.0158919
0.00302935
0.00985735
0.0158447
0.00315363
0.0123565
0.00619492
0.000382284
0.012832
0.000124181
0.00301873
0.00222692
0.0101558
0.0176775
0.00374577
0.00408941
0.0154532
8.31558e-05
0.00262468
0.00893311
0.00853663
0.0134626
0.0155082
0.00253771
0.00179559
0.00143243
0.0109851
0.0149944
0.00983336
0.0157274
0.00925312
0.0057253
0.0187567
0.0191105
0.00156996
0.00191037
0.011467
0.00776488
0.00229265
0.00429903
0.00788906
0.00531138
0.00652595
0.0180448
0.00298889
0.0102717
0.00213424
0.0184421
0.0103549
0.00475892
0.00737524
0.0188915
0.0182216
0.00288348
0.00142922
1.71495e-05
0.00431591
0.0124144
0.0150115
0.0141493
0.00814175
0.00426464
0.0198746
0.00689849
0.00337511
0.00144453
0.00880886
0.0148421
0.00920941
0.0111015
0.0191411
0.0170985
0.0164129
0.0056671
0.0151433
0.0194018
0.0159388
0.0172775
0.0178439
0.0062937
0.00203647
0.00521914
0.0051852
0.000258031
0.00810262
0.00661442
0.00027518
0.0124185
0.0190288
0.0152867
0.00656779
0.00717054
0.0195513
0.00644236
0.014069
0.00292645
0.0078869
0.00287789
0.0177686
0.0170963
0.0139794
0.0169097
0.0141948
0.0103923
0.0025768
0.00933809
0.00979405
0.0185156
0.00661563
0.00763795
0.00480931
0.0086521
0.0128571
0.00999451
0.00891013
0.000959704
0.0166089
0.00918531
0.0133782
0.0156377
0.00447201
0.019946
0.00280826
0.00402335
0.00638838
0.0168773
0.0069498
0.0142753
0.0197552
0.00471836
0.0113716
0.0137346
0.00162807
0.00556636
0.00412684
0.00420486
0.0149044
0.0139209
0.00272048
0.00152008
0.00155884
0.00752979
0.0101722
0.0144159
0.0175243
0.0190823
0.0153756
0.0141332
0.00826762
0.00875386
0.00977096
0.0127396
0.00869987
0.0125792
0.016763
0.0150883
0.00945651
0.00371278
0.00936353
0.00921168
0.00843114
0.000735108
0.00294625
0.0100592
0.00630147
0.00707309
0.0142641
0.00120592
0.000993986
0.0169845
0.002726
0.00255283
0.00451434
0.0128982
0.0169688
0.00203864
0.0119805
0.0123444
0.0161719
0.000248101
0.00109824
0.00594284
0.0129877
0.00979812
0.0185221
0.0097507
0.00488637
0.00797858
0.0134635
0.0142499
0.0171903
0.00189462
0.014985
0.000136508
0.0119538
0.00128648
0.0072096
0.0062179
0.00249239
0.00820359
0.00320245
0.00521839
0.0107564
0.00771679
0.0181166
0.00772517
0.00975543
0.0100971
6.95523e-05
0.00592731
0.0103452
0.0011678
0.0118702
0.00333288
0.0109659
0.0103922
0.0130836
0.0158523
0.0183708
0.00654707
0.0101022
0.0155611
0.00844169
0.00508719
0.0156976
0.000395522
0.00637367
0.00290716
0.00661342
0.00886606
0.0111107
0.00981587
0.0140845
0.00186716
0.0175327
0.012201
0.00959233
0.00728809
0.00229808
0.00966188
0.0132154
0.0126432
0.0108297
0.00508554
0.0159761
0.00179559
0.0154778
0.0090597
0.0176479
0.0138486
0.0156068
0.00775007
0.00940961
0.00404846
0.0128373
0.00510717
0.00444398
0.0192109
0.00801433
0.0110574
0.00807699
0.0191251
0.000873277
0.00216144
0.000992247
0.0184059
0.0143625
0.0105846
0.00569402
0.0166605
0.000246456
0.0189094
0.00930377
0.0110761
0.00399496
0.00527988
0.0128717
0.0194727
0.0143396
0.0105196
0.0133213
0.00994635
0.0182697
0.00273088
0.0139948
0.0111069
0.00783806
0.0184388
0.0103179
0.0158524
0.00949618
0.0183949
0.0149775
0.0103695
0.00055629
0.0159697
0.0087754
0.0149188
0.0065543
0.0144694
0.0115793
0.00680075
0.0133788
0.000883059
0.0178769
0.0173738
0.00616294
0.0107486
0.0168465
0.000502521
0.00126823
0.0101678
0.0104489
0.0195379
0.0128987
0.00444367
0.0106449
0.000736735
0.00288245
0.000962717
0.0165891
0.0123786
0.0193576
0.0115666
0.0027481
0.0199139
0.00753632
0.0115235
0.0148326
0.0140906
0.00599291
0.0064119
0.000891374
0.0193718
0.00729496
0.0187683
0.0167456
0.0134579
0.00951688
0.0135921
0.0139604
0.0107851
0.00375987
0.00440929
0.010323
0.0166585
0.00885296
0.00096787
0.0173953
0.0117354
0.00193059
0.0139844
0.00411405
0.00128815
0.00555101
0.00686214
0.00120201
0.0130873
0.0183856
0.0160346
0.00717795
0.00437855
0.00244652
0.00806932
0.0037503
0.00974148
0.00683759
0.000495852
0.00319938
0.0163545
0.0140879
0.0171598
0.00713957
0.0178478
0.0015691
0.0174626
0.0145063
0.0104221
0.0184305
0.0119016
0.00215747
0.00036105
0.00588602
0.00627151
0.0016492
0.011437
0.0131337
0.00285122
0.00452435
0.0115193
0.0188858
0.0117023
0.0158978
0.00133236
0.0197716
0.0196481
0.0110738
0.00660921
0.000143993
0.0142732
0.00296368
0.0142319
0.011433
0.0101032
0.0120797
0.0130021
0.00756584
0.00658604
0.00342419
0.00599631
0.0184876
0.00558165
0.00635736
0.00437366
0.0118532
0.00800656
0.0158107
0.00498683
0.0108578
0.00033504
0.0165061
0.00974362
0.0120373
0.012404
0.011076
0.011809
0.0120521
0.00214982
0.0184182
0.0121961
0.0164231
0.00138186
0.00642801
0.00785609
0.0114851
0.0185077
0.000858221
0.0190509
0.00509374
0.00428241
0.00504725
0.00358139
0.00986406
0.0114046
0.00795506
0.00171723
0.0194112
0.00376574
0.00670406
0.0102689
0.00410078
0.00321018
1.25604e-05
0.0161381
0.0156141
0.0110885
0.00794709
0.00766623
0.0132384
0.00636527
0.0198623
0.00966142
0.00774713
0.00629032
0.0175175
0.0192322
0.00479803
0.0183757
0.0182832
0.00989178
0.00265814
0.00333043
0.0134732
0.0125222
0.014735
0.00142822
0.0142394
0.0141462
0.00519397
0.000943489
0.00441515
0.00929475
0.00415366
0.00442771
0.00543288
0.0197678
0.0155163
0.01338
0.00743403
0.00875462
0.0197452
0.00729635
0.018416
0.00749236
0.0135867
0.0159335
0.00672459
0.0183847
0.0143093
0.00500777
0.00827648
0.0169674
0.0083382
0.00174965
0.00948961
0.00307324
0.00317787
0.00372904
0.0172194
0.00837184
0.00467253
0.0016346
0.0176666
0.00882619
0.00606232
0.00309947
0.00859399
0.00157857
0.0164794
0.016028
0.0103332
0.0162247
0.00332436
0.00874922
0.00371704
0.016911
0.00468276
0.0104416
0.0152957
0.018992
0.0154494
0.00357222
0.0159594
0.0037876
0.00532187
0.00544905
0.00686084
0.00849974
0.00917809
0.00408029
0.0168716
0.0138506
0.0057149
0.0145382
0.00267682
0.0117772
0.0176376
0.0112708
0.0133558
0.0141171
0.00729883
0.00368896
0.0103418
0.0106232
0.0124382
0.0140588
0.00753423
0.0171209
0.00450043
0.00282997
0.016113
0.0199498
0.00640219
0.0120724
0.00373743
0.0117241
0.0175215
0.0105983
0.000223798
0.00669956
0.0146786
0.0170954
0.000550187
0.000393463
0.0116336
0.00322701
0.0121707
0.00927121
0.0144978
0.00552645
0.0033883
0.00179664
0.00921542
0.0137301
0.0124198
0.0016536
0.00778886
0.0199541
0.0187745
0.0122893
0.00278403
0.0148875
0.0122391
0.00918621
0.00695994
0.0159765
0.000910267
0.00448141
0.00657482
0.00113406
0.011181
0.00125339
0.0182294
0.0117312
0.00164685
0.00986301
0.0149582
0.0138175
0.0191342
0.00945598
0.019344
0.00252253
0.0112526
0.0085594
0.0162526
0.00367246
0.010213
0.00404145
0.00362652
0.00898754
0.0163307
0.00641055
0.00387505
0.00856985
0.0155968
0.010835
0.0045464
0.016507
0.0153164
0.0111212
0.0176411
0.00649737
0.0123746
0.0158705
0.0182285
0.0140215
0.00573355
0.0131867
0.00783898
0.00486778
0.00264267
0.00718296
0.00739031
0.0138953
0.0157424
0.00364289
0.0175678
0.00595535
0.00768434
0.00119427
0.0149429
0.00401507
0.00760482
0.0188179
0.0125849
0.00320158
0.00965292
0.0171313
0.0197086
0.00496932
0.00825253
0.0173497
0.0114667
0.000627136
0.0132202
0.00969522
0.0146486
0.0189538
0.00288191
0.00248757
0.00382157
0.00552458
0.00967052
0.0112119
0.0194199
0.00541287
0.0148548
0.0169876
0.0113682
0.0025391
0.0181819
0.0063111
0.00655418
0.00578672
0.00512904
0.0191391
0.0089883
0.014782
0.0162704
0.0086969
0.0197513
0.00452296
0.00604659
0.011218
0.00515009
0.0192668
0.000913189
0.0197987
0.0182206
0.0037951
0.00228625
0.00204218
0.00931968
0.0119568
0.013254
0.00873956
0.0173696
0.00810881
0.00572719
0.00873786
0.0106479
0.00390909
0.015049
0.0172021
0.0096958
0.000178004
0.0163412
0.0186841
0.01496
0.0126116
0.007381
0.0147112
0.0171346
0.0134276
0.00592922
0.00228467
0.0126944
0.00684241
0.00208335
0.010915
0.0106375
0.0043696
0.0129572
0.0199572
0.0163264
0.00621126
0.00869675
0.013696
0.0143201
0.0144239
0.00243387
0.00496799
0.018333
0.0174828
0.00217009
0.00802882
0.0176608
0.0185113
0.00671292
0.0126208
0.0111229
0.0140939
0.00733206
0.00825749
0.00752151
0.0132613
0.0105422
0.000215927
0.000103685
0.0126255
0.011131
0.0107412
0.0169951
0.00408817
0.0106984
0.0133215
0.0102994
0.0193951
0.00701748
0.0046195
0.0138191
0.00945135
0.00958749
0.0121521
0.00693419
0.0117576
0.000180895
0.00459503
0.0102689
0.00689382
0.0172158
0.00139179
0.000987733
0.0045479
0.00964927
0.00850924
0.0178092
0.000191431
0.00872517
0.0179129
0.0128169
0.0198561
0.00865405
0.00981204
0.00394429
0.0193524
0.0031335
0.0142437
0.0187476
0.010151
0.0188632
0.0125666
0.0196023
0.00845071
0.0047187
0.00653652
0.000208296
0.00489959
0.0111316
0.0104772
0.0117934
0.00834739
0.011869
0.0127811
0.0128953
0.00151823
0.00129038
0.0107045
0.00170966
0.0100156
0.00861733
0.0145266
0.00987168
0.0172714
0.00433864
0.013816
0.0166238
0.00747214
0.00805969
0.0153714
0.0176231
0.00692291
0.007938
0.0172255
0.0153736
0.0126567
0.00376197
0.0155819
0.0175563
0.0148935
0.00605909
0.00934969
0.00324091
0.017928
0.00213083
0.0161362
0.0194463
0.00342122
0.00684068
0.00115594
0.0134368
0.015458
0.0156825
0.00330844
0.0127294
2.11822e-05
0.0171244
0.00935321
0.00749332
0.00518411
0.00472459
0.00511645
0.012107
0.0126626
0.0023419
0.00748065
0.0053193
0.00610387
0.00306257
0.00287558
0.000997389
0.00912166
0.0122253
0.0042383
0.00704971
0.0143561
0.000374512
0.00649599
0.0177773
0.00721519
0.00765193
0.0112141
0.0026732
0.00333448
0.0145225
0.0154026
0.00335566
0.011647
0.0047558
0.010849
0.0168311
0.00948039
0.0159654
0.00893809
0.00214299
0.0183073
0.0164187
0.00746229
0.0044112
0.0194813
0.0103379
0.00540859
0.00860296
0.00256315
0.00964689
0.0156527
0.0169193
0.0100214
0.00214866
0.0146966
0.0172366
0.00980059
0.00591068
0.0199098
0.0131351
0.000433222
0.0153124
0.0164907
0.0120802
6.81759e-05
0.00733971
0.00891124
0.00954857
0.00330515
0.0178493
0.0116916
0.00161248
0.0142681
0.0191538
0.00602367
0.0137494
0.00949172
0.0114323
0.00235232
0.0120549
0.00107915
0.018005
0.00897413
0.0111006
0.000153642
0.00367072
0.00833715
0.00995423
0.0095814
0.00824694
0.0030893
0.0100146
0.00355931
0.01958
0.0020948
0.00362749
0.00691975
0.011006
0.0131761
0.0102249
0.00885537
0.00486762
0.0118374
0.00312344
0.00402147
0.017861
