0.00330219
0.00235109
0.0139863
0.0131252
0.0491339
0.0131351
0.0164324
0.0406803
0.0355039
0.0458885
0.0311334
0.00120118
0.0261553
0.0104724
0.00291948
0.00480547
0.0168126
0.0140609
0.0444158
0.0438579
0.0465249
0.00327593
0.0333302
0.0392017
0.0408736
0.0160535
0.0404712
0.00888062
0.0358933
0.0420171
0.0157132
0.0391955
0.0443682
0.0296995
0.00232072
0.0435021
0.0428345
0.0187531
0.0341824
0.0283385
0.0146416
0.0153158
0.0295397
0.0407969
0.0257883
0.0324591
0.0456024
0.0426009
0.04652
0.0400182
0.0364588
0.0430449
0.0432942
0.0197889
0.0322467
0.0341678
0.0358424
0.0227178
0.0430484
0.0217357
0.0147349
0.0087616
0.0109312
0.00910317
0.0384611
0.013252
0.00260532
0.0312956
0.032005
0.0367878
0.0096341
0.0466466
0.00210358
0.0391738
0.0374436
0.0278919
0.0216329
0.033046
0.0204927
0.0181529
0.0230642
0.00695152
0.0111978
0.0163584
0.0267405
0.0434445
0.000526166
0.0125829
0.0161623
0.0435746
0.0343186
0.0308973
0.0023362
0.0452498
0.0400004
0.0407973
0.00850179
0.0426057
0.0220929
0.0405068
0.0293935
0.031727
0.0371535
0.0314971
0.0209008
0.024597
0.00938893
0.0425337
0.00764299
0.0298817
0.0106866
0.0307072
0.0368332
0.0218844
0.0470655
0.0135737
0.0153289
0.0475917
0.0261565
0.0314912
0.0411663
0.0104751
0.0123885
0.0435025
0.00572493
0.0023889
0.0342998
0.0142267
0.0449946
0.00639267
0.00473355
0.0243881
0.0381197
0.041887
0.00588522
0.00902043
0.016484
0.0152742
0.00155409
0.024127
0.0451558
0.0122407
0.00483421
0.031989
0.0341251
0.00189975
0.0455627
0.049454
0.0494915
0.0217192
0.0309452
0.0406578
0.0321943
0.0433336
0.0341602
0.0379192
0.0457225
0.01846
0.00214596
0.0407172
0.0248527
0.00687951
0.0151053
0.0129724
0.0487665
0.0209905
0.0219928
0.0152506
0.0362647
0.0235469
0.0393776
0.0314205
0.0357875
0.0442118
0.0134096
0.0199126
0.0461116
0.00897224
0.0193666
0.045603
0.0306914
0.000311743
0.0362608
0.0128857
0.0436454
0.020421
0.000804972
0.0393679
0.038881
0.00295093
0.0300851
0.0137337
0.00983043
0.0451904
0.0267061
0.00859696
0.016181
0.0486989
0.0238475
0.00244568
0.0222458
0.0132251
0.0338662
0.00803332
0.00743696
0.0472758
0.0279459
0.00354854
0.00624801
0.0473125
0.0491516
0.0369395
0.0476242
0.0354123
0.0498252
0.0412696
0.00583335
0.000630164
0.0306375
0.0447144
0.00358109
0.0107226
0.00844815
0.0134115
0.00591308
0.0351543
0.0220085
0.0220941
0.0338532
0.045856
0.0245397
0.00609895
0.00908116
0.00840595
0.0141323
0.0165181
0.00568172
0.0420782
0.0200667
0.0119297
0.0393907
0.0192182
0.0488692
0.0370149
0.00463055
0.0486944
0.0282845
0.0104639
0.0493245
0.00892206
0.00517831
0.00290563
0.0196447
0.0136265
0.0163172
0.0255578
0.0487807
0.0383256
0.0476519
0.0326339
0.0341817
0.0221916
0.0387328
0.0432628
0.0305976
0.00286509
0.00978094
0.0362793
0.0449433
0.0298476
0.048209
0.0343339
0.0490658
0.0470782
0.0213489
0.00369637
0.0457726
0.0496334
0.0141603
0.0450971
0.00855543
0.0193386
0.0480028
0.0282001
0.032965
0.0143199
0.00375793
0.0317457
0.00264556
0.00140979
0.0143796
0.0368272
0.0236014
0.00311245
0.03009
0.00419893
0.00597754
0.039871
0.0404782
0.000920814
0.0197186
0.0386872
0.0352548
0.0187844
0.0357654
0.00660361
0.0224808
0.031538
0.00623699
0.036641
0.0266351
0.0147924
0.00597962
0.0246379
0.0429926
0.0389447
0.0389578
0.0467505
0.0206904
0.0416033
0.0481603
0.03507
0.0284306
0.0217617
0.0381825
0.00852061
0.0259606
0.04416
0.0483916
0.0164388
0.0450808
0.0181102
0.00512603
0.0303356
0.0368946
0.0408914
0.0369392
0.00937537
0.0224294
0.0431762
0.0460164
0.0490646
0.0079686
0.00199603
0.0237024
0.000961156
0.0409407
0.0126602
0.0477116
0.0116311
0.00426358
0.0458719
0.0467011
0.0326941
0.0176336
0.0348836
0.0412148
0.0435942
0.0290436
0.0396064
0.010033
0.0241244
0.00771654
0.015159
0.00445996
0.0446111
0.00605047
0.0413992
0.00398651
0.0284799
0.0345753
2.92035e-06
0.0275445
0.0425439
0.00199896
0.00124693
0.0435051
0.0429396
0.0139072
0.0412167
0.00457072
0.0181707
0.0370887
0.00127182
0.000864877
0.00472226
0.0361554
0.0420796
0.0483164
0.0151989
0.031686
0.00834943
0.0393233
0.0394025
0.0235085
0.0437833
0.0340137
0.0295589
0.0351825
0.0380002
0.00803884
0.0197578
0.0380031
0.0355833
0.0123017
0.040002
0.0368303
0.00580682
0.0329417
0.000737407
0.0470236
0.0375124
0.0189081
0.0341122
0.0387842
0.019773
0.0388345
0.0249396
0.0118527
0.0371509
0.0401386
0.0435386
0.0455004
0.0294619
0.0329412
0.0190088
0.0232452
0.0169548
0.0485677
0.00842765
0.00495501
0.00660658
0.0281854
0.0429581
0.0421899
0.0404872
0.0329602
0.0290202
0.046294
0.0159018
0.0297576
0.0433176
0.00341425
0.0486657
0.0274298
0.0421985
0.0184387
0.0162643
0.0171381
0.0302914
0.00341521
0.00727666
0.02383
0.0489156
0.0367386
0.00677118
0.0179244
0.00998375
0.023726
0.0164921
0.0184114
0.028681
0.0230987
0.0465968
0.0216391
0.0152886
0.037084
0.00459929
0.0443088
0.033378
0.0205011
0.0240663
0.0266956
0.0239154
0.022732
0.00412535
0.0161139
0.0411708
0.0203896
0.033252
0.0214621
0.0238048
0.0405286
0.0452922
0.0227204
0.0272672
0.00206333
0.0406448
0.0372509
0.0257894
0.00713691
0.00566233
0.00447038
0.0302356
0.00225917
0.0261095
0.0455242
0.0393432
0.0307088
0.039833
0.0227212
0.00120995
0.0138993
0.0494167
0.0251253
0.0366314
0.0035421
0.0412392
0.0278022
0.0239317
0.0244912
0.0492643
0.0477366
0.0150198
0.0445565
0.020457
0.042287
0.0466198
0.0111018
0.0295379
0.0224091
0.0182387
0.0352003
0.0268795
0.0484743
0.0374594
0.00298904
0.0439985
0.0268026
0.0336979
0.0338315
0.0495238
0.0349078
0.0477309
0.0489405
0.0100331
0.0343623
0.00248264
0.00127236
0.0121644
0.0264144
0.0257635
0.0114287
0.0241509
0.0407834
0.00598519
0.0446079
0.0330704
0.00260498
0.00570966
0.0126083
0.0250141
0.0239483
0.0478086
0.00189363
0.0224226
0.035268
0.00488267
0.0164211
0.0120706
0.0385805
0.00025267
0.0115944
0.0234883
0.0479835
0.010535
0.0335215
0.0323458
0.0130176
0.0347938
0.0445103
0.039432
0.0105574
0.005939
0.0135829
0.00134072
0.0119242
0.00819081
0.0344111
0.0145292
0.0139005
0.0470194
0.0395433
0.0378488
0.044828
0.0414369
0.0102714
0.030096
0.0463196
0.0266926
0.0421666
0.0349001
0.0269452
0.00376103
0.00838844
0.0249288
0.014296
0.0419099
0.0072746
0.0273136
0.0267037
0.00178486
0.0167456
0.0372611
0.00772386
0.0303285
0.0386018
0.019648
0.0385193
0.0230129
0.0341772
0.00241974
0.0200323
0.0237205
0.0402685
0.0148603
0.0151574
0.000539944
0.0449563
0.011477
0.0272325
0.0371229
0.0463771
0.00417772
0.0408839
0.00476555
0.0291065
0.00517987
0.0466755
0.0363811
0.0324935
0.0233792
0.038166
0.049239
0.0106403
0.0458898
0.0295675
0.0492421
0.0155379
0.0180868
0.022255
0.0497151
0.0205065
0.0422873
0.0234356
0.010775
0.00714759
0.038593
0.011315
0.00210384
6.99779e-05
0.0385475
0.0392267
0.0464471
0.0427252
0.0301106
0.00121264
0.0218317
0.0352904
0.0478881
0.00821278
0.0177839
0.0212673
0.0463787
0.0170229
0.0319076
0.0422685
0.0465904
0.0311497
0.0078064
0.0146772
0.00340469
0.00752147
0.0351837
0.045692
0.030957
0.0459587
0.0028396
0.01955
0.00727364
0.00494345
0.01962
0.0458211
0.0441701
0.0160671
0.0385463
0.0242807
0.0172797
0.010378
0.00957116
0.0151678
0.0185908
0.0273551
0.0364351
0.0149695
0.044378
0.0183427
0.00723804
0.0409684
0.0494924
0.0150444
0.00564555
0.00289706
0.0225659
0.0408292
0.0485891
0.00352295
0.0367879
0.00142868
0.023073
0.0440615
0.00637213
0.042693
0.0398826
0.000542267
0.00876006
0.0284289
0.024823
0.0260398
0.0388069
0.0343941
0.0412076
0.00739767
0.0117492
0.0276427
0.0223672
0.00612718
0.0459854
0.0296052
0.0470956
0.0454778
0.0446497
0.00274113
0.0483748
0.0172156
0.0435703
0.0469639
0.0207385
0.0303582
0.0483926
0.0438115
0.0244197
0.00476472
0.0365045
0.0143024
0.00530698
0.0452645
0.0427313
0.03013
0.0213043
0.0315382
0.0145241
0.0125119
0.0389358
0.0262733
0.0401546
0.011303
0.0324005
0.03614
0.0409082
0.0294961
0.0316178
0.0355579
0.0322372
0.0299927
0.00277344
0.0258075
0.0269566
0.023512
0.00616574
0.0253492
0.0173234
0.0305855
0.0301139
0.00382791
0.0448878
0.0354209
0.0490924
0.0376191
0.0155508
0.0203967
0.0191573
0.0300749
0.0329086
0.00809315
0.00634824
0.0230633
0.0193962
0.0387487
0.0092033
0.0103044
0.0182448
0.0408211
0.0458623
0.00048199
0.0208138
0.0486357
0.0262895
0.0477703
0.0221476
0.0324553
0.0231195
0.0394711
0.0130407
0.00323337
0.043299
0.00792857
0.0386542
0.0423914
0.0455477
0.00420505
0.0127881
0.014705
0.03428
0.0456968
0.0227981
0.0406282
0.01876
0.0421943
0.029377
0.0279633
0.00249868
0.0476218
0.0187844
0.0483609
0.0481037
0.0395982
0.0469966
0.0243933
0.0373685
0.0191443
0.00684851
0.010488
0.00861536
0.0198892
0.0137214
0.00191436
0.0278178
0.00237562
0.0443058
0.0233655
0.00658067
0.00709392
0.0380705
0.0408607
0.00279069
0.0108686
0.0314889
0.0215507
0.00306292
0.0108658
0.049514
0.0055616
0.00848758
0.0182985
0.00392254
0.00659132
0.00789665
0.000919163
0.0309846
0.0452652
0.0200634
0.0378331
0.0057532
0.0286788
0.00772234
0.0194746
0.0305932
0.0355402
0.0218502
0.0248989
0.00890565
0.0284309
0.0319929
0.0469761
0.0192915
0.0347835
0.00784477
0.000780427
0.00633426
0.0109077
0.0116463
0.00584828
0.0164693
0.0201338
0.0241467
0.0203918
0.0267252
0.0320434
0.021311
0.00770975
0.0273086
0.0413744
0.0455428
0.0330618
0.0200532
0.00326518
0.00253636
0.00064639
0.0388053
0.0243866
0.0255453
0.047711
0.00281748
0.0075382
0.0446871
0.022109
0.0423217
0.0025319
0.0228895
0.048656
0.0134396
0.0345357
0.00450428
0.0299089
0.00466955
0.028651
0.000300724
0.0313947
0.0106944
0.0216117
0.0391045
0.0380029
0.0129861
0.0346473
0.0210647
0.0330394
0.0379125
0.0236011
0.0336858
0.0267178
0.0479876
0.0092311
0.0244288
0.000805122
0.0167693
0.019116
0.0229141
0.00909104
0.0216479
0.0458036
0.00774704
0.0350875
0.0303393
0.0122513
0.0149964
0.0350089
0.0409023
0.0152971
0.0164036
0.00159672
0.0369088
0.00550805
0.0395997
0.0498949
0.0401554
0.0106644
0.0329343
0.0280679
0.0342654
0.0166201
0.00478569
0.0322531
0.0258512
0.0292145
0.0330582
0.0426205
0.0483305
0.00597234
0.00171152
0.0199783
0.00177594
0.00945856
0.00506581
0.0321153
0.0217099
0.0200622
0.0171241
0.0126122
0.0353593
0.0335277
0.0142089
0.0222681
0.0390358
0.00380858
0.022163
0.0291911
0.0144729
0.00509732
0.00725897
0.0487384
0.0217174
0.0120447
0.0309914
0.0475686
0.0412592
0.0140496
0.0401891
0.0395897
0.020022
0.0419006
0.00956801
0.0217979
0.00135914
0.0146338
0.00391315
0.023069
0.034696
0.0210373
0.0356812
0.0200553
0.00456497
0.0498902
0.0423233
0.0436007
0.00369874
0.0144863
0.0227918
0.0181717
0.0195836
0.0300508
0.01691
0.041301
0.0420955
0.0479015
0.0388696
0.0333547
0.0119511
0.0290587
0.0229443
0.0319731
0.0209593
0.0325123
0.00377095
0.0223184
0.0471462
0.0076841
0.0453874
0.0318422
0.0287214
0.0310687
0.00189741
0.0332863
0.0309588
0.0442207
0.0268871
0.0346576
0.00870701
0.0496789
0.00282924
0.0282906
0.0297297
0.0197393
0.0195916
0.0218252
0.0176408
0.00846125
0.00517988
0.0295919
0.0375199
0.0281242
0.0115649
0.0084792
0.0106365
0.0153359
0.0307976
0.0077827
0.02302
0.026185
0.0396249
0.00174133
0.00725369
0.0415223
0.0350277
0.0382125
0.035743
0.0119147
0.0228701
0.04445
0.0115937
0.0256993
0.0227406
0.0413234
0.0454386
0.0423322
0.0131486
0.0130793
0.000793495
0.0183285
0.0426712
0.0383134
0.0464527
0.0042361
0.0467926
0.00708926
0.019572
0.0275902
0.014872
0.0425919
0.00377526
0.00449681
0.0443332
0.011029
0.0460191
0.0293609
0.0492415
0.031762
0.0412757
0.0221115
0.026212
0.00286932
0.0478108
0.0489526
0.0441927
0.0432494
0.0412849
0.00734135
0.00632875
0.0420784
0.0256699
0.0489999
0.0303918
0.0221226
0.00323604
0.0271844
0.0292118
0.022808
0.00477463
0.0440838
0.0153999
0.0085499
0.0485806
0.00973314
0.0195789
0.0445997
0.039094
0.0188203
0.0263617
0.0303697
0.0409319
0.00257373
0.033239
0.0387427
0.00152635
0.0274317
0.0319921
0.0428112
0.0347731
0.0383209
0.0348896
0.010443
0.0373208
0.0152813
0.0325655
0.0405569
0.0424657
0.0117774
0.0133648
0.0472404
0.00586116
0.0287647
0.00579028
0.00444176
0.0384979
0.0253691
0.0490414
0.0275919
0.0441895
0.0254031
0.00796162
0.0351213
0.0279769
0.0412006
0.023864
0.0295032
0.0186324
0.00585612
0.0223144
0.00340547
0.044177
0.00720399
0.0138484
0.0314978
0.0224853
0.046414
0.0220546
0.0149511
0.00819133
0.0354195
0.0121915
0.0140525
0.0141842
0.0179817
0.0184943
0.00268212
0.0433509
0.0175357
0.030274
0.0375403
0.0429388
0.0382357
0.0226616
0.0209157
0.0294363
0.0465256
0.000418958
0.0480687
0.00238177
0.0227334
0.00147414
0.0465588
0.0299374
0.0153226
0.0280566
0.00242272
0.0117365
0.000111198
0.0173738
0.0199279
0.0355307
0.0295653
0.0339804
0.0497149
0.047547
0.00247462
0.00239704
0.0408979
0.0200103
0.0326711
0.0284382
0.0129492
0.0209068
0.00109984
0.0338649
0.00034305
0.0476255
0.0342838
0.0484117
7.25442e-06
0.00701724
0.0498859
0.046566
0.0369546
0.0152084
0.0246226
0.0393773
0.026945
0.0247338
0.00675115
0.0468728
0.0102644
0.0363164
0.0308532
0.00997937
0.0338634
0.0333278
0.0123764
0.0247613
0.0033381
0.0450475
0.00319947
0.0162873
0.0159542
0.00429931
0.000152146
0.0162973
0.0019248
0.034436
0.014709
0.00193205
0.0414532
0.0145949
0.0484981
0.0284079
0.0298033
0.0231206
0.0177852
0.00674828
0.0478544
0.0245364
0.0036211
0.00811883
0.0108528
0.0344743
0.0180982
0.0447162
0.0178021
0.0304746
0.0194775
0.0211402
0.0255221
0.0226769
0.0374274
0.0414764
0.0269762
0.0375796
0.00777366
0.028901
0.0220156
0.0224827
0.0308331
0.0134688
0.0370776
0.0293311
0.0418766
0.0168809
0.00245177
0.00966184
0.0236292
0.000306145
0.0341982
0.0272503
0.00842497
0.045051
0.0117245
0.0265232
0.0397671
0.0295266
0.00699778
0.00924459
0.000666766
0.0325199
0.0319215
0.0380942
0.0239963
0.00889777
0.0256738
0.0317699
0.0377988
0.0476893
0.00425259
0.0186319
0.0111581
0.0413302
0.047963
0.00303475
0.00821106
0.000414797
0.0126966
0.0318402
0.000720942
0.0468948
0.0090905
0.00914591
0.0419458
0.020815
0.0356691
0.0317129
0.000341641
0.0426669
0.0409575
0.00100841
0.0251868
0.022879
0.0391026
0.049183
0.0317768
0.0147764
0.0309529
0.0195756
0.0124657
0.0352055
0.0382075
0.0236238
0.0265357
0.0361705
0.0266585
0.0347467
0.0365853
0.0393551
0.016587
0.0373062
0.0362499
0.0256775
0.0464522
0.0281957
0.0464925
0.0321212
0.00990858
0.0468341
0.0247881
0.000866071
0.0478425
0.0499749
0.0237451
0.0369451
0.0491579
0.00552187
0.0017215
0.0301108
0.0250975
0.0141872
0.0153163
0.0133049
0.037811
0.041852
0.0494754
0.0144695
0.0265987
0.0360607
0.00382463
0.0431856
0.023367
0.0400746
0.0188631
0.0198191
0.0182702
0.0153556
0.00194035
0.0281788
0.0121897
0.0267285
0.0290449
0.0100323
0.0267033
0.00278998
0.0469774
0.0258612
0.00831185
0.0486989
0.00597196
0.0334093
0.0128861
0.0212882
0.0467142
0.000697047
0.0131402
0.0461896
0.0151665
0.0397389
0.0322504
0.0189912
0.0329245
0.00561733
0.00906573
0.00178765
0.0254364
0.027336
0.0171433
0.0273768
0.00551478
0.029333
0.00410524
0.0345597
0.0393653
0.0308086
0.0373496
0.0363427
0.00666973
0.0456615
0.0350416
0.0126417
0.0290708
0.0479277
0.0339299
0.025785
0.0486247
0.0470701
0.0219747
0.0137913
0.036809
0.00422502
0.0327825
0.0197336
0.00984235
0.0418482
0.0215212
0.0352788
0.0191841
0.0386645
0.0126556
0.0246989
0.0179975
0.0167608
0.0092586
0.00736275
0.0475694
0.0466083
0.0437054
0.00423911
0.0422697
0.028747
0.0168808
0.0213405
0.0266747
0.000810725
0.0471256
0.0252995
0.0478809
0.0191002
0.0390908
0.0346899
0.0233252
0.0218732
0.00442349
0.0331676
0.0137214
0.0259447
0.0184464
0.0329055
0.0146092
0.031102
0.00760446
0.0326067
0.0478628
0.0168631
0.0399695
0.0454322
0.0134713
0.0336749
0.0496713
0.00574106
0.0124219
0.0165521
0.0270816
0.0390967
0.0173628
0.0242071
0.0143961
0.0152437
0.0433074
0.00348689
0.0499336
0.0166326
0.0253601
0.00435705
0.0498002
0.0390815
0.0303018
0.0182466
0.021987
0.044911
0.0493485
0.0295915
0.0275177
0.0472113
0.0464545
0.0174872
0.0426435
0.00992584
0.00116205
0.0423147
0.0156669
0.013584
0.00886679
0.0427485
0.00268064
0.0262296
0.0169556
0.0170768
0.0414732
0.010263
0.0205637
0.0414068
0.0268956
0.0459238
0.0457638
0.0266958
0.0350052
0.0260656
0.0449423
0.00699226
0.0209766
0.0442908
0.0365837
0.0484943
0.0415021
0.0330383
0.0159815
0.0341456
0.0429641
0.0171435
0.0264603
0.008631
0.0307275
0.0353271
0.0013795
0.0334082
0.0115567
0.0183351
0.000484935
0.00302993
0.0285981
0.0210486
0.0444367
0.00549374
0.0169724
0.0402006
0.0321895
0.0019776
0.0162662
0.0271318
0.00896986
0.0372429
0.0214227
0.0455536
0.0357372
0.0129248
0.0285919
0.0017187
0.0470704
0.021556
0.0188623
0.0235307
0.030187
0.0495898
0.00885786
0.0315665
0.0329979
0.0204146
0.0499016
0.0334829
0.0234445
0.0284997
0.00453147
0.0178812
0.0339935
0.0215038
0.0080818
0.016183
0.0234814
0.024348
0.0433148
0.0324513
0.0115909
0.0147375
0.0280049
0.0473281
0.0276623
0.00659672
0.0490468
0.0247327
0.0281527
0.017909
0.0482635
0.00833964
0.0174988
0.00712133
0.0399061
0.000496748
0.0275359
0.0398077
0.0339796
0.000980367
0.0183074
0.0385111
0.0188616
0.00230089
0.0100149
0.0269434
0.0184839
0.0334964
0.0012914
0.0117987
0.0159476
0.0128823
0.0265362
0.0439525
0.0102103
0.00419851
0.000549238
0.00925711
0.0289312
0.0287019
0.0271661
0.0271947
0.0370416
0.0446649
0.034316
0.0269477
0.0451617
0.0118519
0.0167553
0.0291413
0.0128323
0.0350628
0.0176524
0.0316939
0.0373637
0.0276673
0.00863726
0.00584753
0.0111637
0.00992866
0.0176462
0.0271113
0.0228109
0.0441824
0.0210639
0.0330213
0.0483809
0.0216131
0.0422784
0.0273122
0.000315007
0.0194445
0.00450687
0.0373566
0.0141094
0.0388229
0.0143042
0.00927113
0.000674831
0.0310596
0.0384124
0.0135071
0.0161223
0.00606486
0.045201
0.00348598
0.0337322
0.00383825
0.0093335
0.0448959
0.0137669
0.0269797
0.0220072
0.0365778
0.0211621
0.0430711
0.0195991
0.019543
0.0146842
0.0118775
0.0468552
0.0149992
0.031322
0.00136207
0.00235574
0.0454314
0.040185
0.01666
0.00470253
0.0408598
0.0477195
0.043115
0.00436693
0.0138418
0.0491798
0.0495679
0.0173278
0.032912
0.00340617
0.0266613
0.0278079
0.0171731
0.00364103
0.0498152
0.0037509
0.0248031
0.0428862
0.02335
0.0443462
0.0075704
0.0352274
0.0412014
0.0225696
0.0165494
0.0425635
0.0249253
0.0119808
0.0327484
0.0415853
0.0166833
0.0236083
0.0393048
0.0097983
0.0279752
0.00314661
0.00897814
0.0275431
0.0204744
0.0418902
0.0309493
0.0471357
0.0196981
0.0481224
0.000776756
0.0195133
0.00187326
0.0255799
0.0123995
0.0252232
0.0199261
0.0199699
0.0104507
0.0111275
0.0425395
0.0270001
0.00369094
0.0174648
0.0389809
0.0364394
0.00905005
0.00566421
0.0100476
0.0483548
0.0154625
0.0380228
0.00150145
0.0244407
0.015566
0.0219759
0.0163308
0.0465152
0.0191116
0.0360289
0.0446376
0.0198884
0.00554219
0.0465108
0.0454683
0.0179417
0.0217341
0.0153944
0.0379116
0.0321848
0.0265218
0.030451
0.00918488
0.0302128
0.0479158
0.0481658
0.0166522
0.00696588
0.00382997
0.0266998
0.00532071
0.0192925
0.0147227
0.00682216
0.0437331
0.0302886
0.028798
0.010064
0.0268038
0.0479096
0.0460929
0.0214414
0.017798
0.00163509
0.0179523
0.0132663
0.0195768
0.0396864
0.0286606
0.00748835
0.0218712
0.00518246
0.0379394
0.031056
0.0353953
0.0358552
0.0292218
0.00204743
0.0428211
0.0330518
0.0287472
0.0481418
0.00234425
0.0434699
0.00496397
0.0460774
0.0237585
0.033762
0.00614136
0.000562363
0.0316716
0.00223426
0.0220038
0.0494696
0.00386935
0.0399561
0.0127359
0.0234461
0.0296425
0.0413965
0.0309345
0.00151363
0.046579
0.0188739
0.0325697
0.0319742
0.00472909
0.0117915
0.0340217
0.0475502
0.0448433
0.0127689
0.045692
0.0471875
0.00623882
0.000655972
0.0432649
0.0299973
0.034418
0.0494062
0.0305597
0.0160896
0.0016405
0.0025635
0.0155593
0.00550986
0.0425196
0.0282952
0.028956
0.022162
0.0196917
0.00989047
0.0236757
0.0162707
0.0287643
0.00624535
0.0482449
0.0334934
0.0180368
0.0322666
0.0310436
0.0128801
0.0450355
0.0267356
0.0100676
0.00127431
0.0273916
0.00333247
0.0312717
0.0118096
0.00273871
0.0118314
0.0278992
0.00437922
0.0143949
0.0434585
0.00988908
0.00691443
0.0217536
0.0388451
0.0290765
0.0414453
0.0487355
0.00275215
0.00771601
0.0274999
0.00899749
0.00596092
0.0109933
0.0270343
0.0382275
0.0420369
0.0399144
0.033263
0.0187726
0.049982
0.0345373
0.0461642
0.00331444
0.015809
0.00797374
0.00605316
0.0276403
0.0358729
0.0104324
0.0420352
0.0293314
0.0203215
0.0489496
0.00108505
0.00916652
0.0280261
0.0425304
0.00790205
0.0307782
0.000246382
0.0354019
0.0397757
0.0062073
0.0463952
0.01681
0.0444348
0.0384322
0.00672442
0.0276978
0.00720472
0.0067064
0.0122351
0.00336888
0.0100208
0.0280441
0.0113426
0.016074
0.00568436
0.0472156
0.0265064
0.0477195
0.026547
0.0468278
0.0466691
0.027632
0.00599434
0.0246952
0.0201624
0.0138964
0.0054734
0.0204088
0.0492983
0.0452491
0.0266161
0.0456935
0.0120591
0.0210509
0.0341257
0.0187836
0.0487487
0.0413304
0.02549
0.0109838
0.0446993
0.0355108
0.0390278
0.00604192
0.0015848
0.0447122
0.00325748
0.0280912
0.0424317
0.0298045
0.024919
0.0391008
0.00743647
0.0309133
0.013796
0.0275989
0.0448097
0.0192694
0.0480076
0.044108
0.0145185
0.0246237
0.0398016
0.0265777
0.0456746
0.0239273
0.0453612
0.0444233
0.0152577
0.0208512
0.00540704
0.00995699
0.00636199
0.0444349
0.0159989
0.00794679
0.0391471
0.0192564
0.036038
0.0315788
0.0490608
0.010957
0.0206796
0.00649731
0.0418703
0.0344757
0.0340962
0.03668
0.00374511
0.0321038
0.0307881
0.0182637
0.00672751
0.0205897
0.0448413
0.0024021
0.0445169
0.0402026
0.0468254
0.00977461
0.0110538
0.00223241
0.0197316
0.0174158
0.0466673
0.0357305
0.0253626
0.0358144
0.0049869
0.0114005
0.0173932
0.00404775
0.0223575
0.0380728
0.0105451
0.0142278
0.0225485
0.0446412
0.000907821
0.0262936
0.026745
0.0316959
0.0445572
0.0334725
0.00228555
0.0393986
0.0358746
0.0468025
0.0296012
0.0327
0.00657708
0.0406549
0.0349324
0.0263087
0.00807071
0.0315997
0.0120392
0.0334333
0.017414
0.0170261
0.0448338
0.0348072
0.0210738
0.0171913
0.02288
0.0316189
0.0314191
0.0454285
0.0262601
0.0323269
0.0217221
0.00300517
0.0140228
0.0162793
0.0364777
0.0163083
0.0056779
0.0223523
0.0131108
0.0352791
0.00505234
0.0196879
0.025934
0.0399847
0.0459965
0.0340047
0.0215844
0.00803574
0.017438
