0.00701294
0.00353137
0.0268192
0.0135551
0.0219173
0.00117133
0.0287653
0.0294263
0.00557049
0.023458
0.0154387
0.0246982
0.0385039
0.0209838
0.0263222
0.039483
0.0368476
0.00151404
0.0380776
0.0375492
0.0340057
0.022562
0.00601648
0.030896
0.0270077
0.0297015
0.0361685
0.00944487
0.0117394
0.00802829
0.00798866
0.0187524
0.0115597
0.0348078
0.0323075
0.0334769
0.0359791
0.0210728
0.0229032
0.00154964
0.00453079
0.0383419
0.0262479
0.00303467
0.0193257
0.0125701
0.00251771
0.0161732
0.0140841
0.000595272
0.0137225
0.00808984
0.0231572
0.019739
0.0389858
0.0101649
0.00944044
0.0351543
0.0196098
0.0211799
0.00318258
0.0275984
0.0399322
0.0147422
0.0224063
0.0322397
0.00821918
0.0183854
0.0133125
0.0311224
0.019935
0.0178432
0.0294643
0.0061829
0.0208779
0.00878996
0.018753
0.0233956
0.0249632
0.0328371
0.0239909
0.0386857
0.000926962
0.00714814
0.0184246
0.0399128
0.0173131
0.0278651
0.035067
0.0369228
0.00904494
0.0382496
0.0245213
0.00897715
0.0129919
0.00692754
0.00121686
0.021211
0.0253129
0.0145293
0.0123334
0.00524799
0.0323726
0.00179773
0.0114309
0.0132505
0.0105877
0.0301839
0.0366461
0.0355509
0.023021
0.020637
0.0342366
0.023948
0.0277852
0.0126612
0.0238607
0.00509822
0.000526322
0.0189278
0.00202106
0.00957126
0.0171774
0.0265423
0.0185484
0.0301693
0.0334699
0.0197653
0.0113803
0.0187828
0.0342946
0.0237138
0.0240308
0.0266672
0.0255115
0.0354617
0.0399176
0.0360992
0.0256456
0.0365638
0.0316501
0.00866658
0.0172008
0.0258867
0.0326145
0.00498594
0.0385479
0.0164752
0.0100842
0.0390742
0.035403
0.0121052
0.00864548
0.0125804
0.0386476
0.0271939
0.00274965
0.0321175
0.00695917
0.01413
0.0109003
0.00125376
0.0378437
0.0349311
0.0279209
0.0233552
0.0303929
0.0278386
0.0194544
0.0160384
0.0244023
0.0111044
0.024705
0.0016031
0.0369911
0.0173196
0.00658905
0.035539
0.0337948
0.0166732
0.0346132
0.0291978
0.0287784
0.0032587
0.00177819
0.027426
0.0304526
0.00452784
0.0195435
0.0374118
0.0186578
0.0304438
0.0386655
0.0165015
0.0253749
0.0265865
0.0398567
0.0157678
0.014425
0.019311
0.0318062
0.0388273
0.0304155
0.0165112
0.000430434
0.0274066
0.0338308
0.00701948
0.0229456
0.0276256
0.0236927
0.0175588
0.0168234
0.0124711
0.0208175
0.0186016
0.0398971
0.0112701
0.0231294
0.0194406
0.00868187
0.00178718
0.00988439
0.00734741
0.0182887
0.0352593
0.0339339
0.0181454
0.0110271
0.00835887
0.0374564
0.00283328
0.0071862
0.0278719
0.0193445
0.00761664
0.0152785
0.0131753
0.0146361
0.0382241
0.000800855
0.0383288
0.0157829
0.0176242
0.0107999
0.0366004
0.0362258
0.0106971
0.00787046
0.0193552
0.0301377
0.0165523
0.0211424
2.20622e-05
0.0238997
0.039431
0.0352814
0.0178336
0.0175764
0.00630844
0.0261925
0.0150328
0.00914171
0.0333787
0.00290467
0.0284862
0.000995306
0.0181831
0.0016615
0.0156314
0.0164072
0.00246236
0.0139602
0.0321901
0.0200866
0.0247602
0.0287904
0.0163124
0.0354572
0.0366609
0.0356675
0.0255949
0.0132132
0.0168099
0.025617
0.0371129
0.0162409
0.0208983
0.0149465
0.0338173
0.0272068
0.00113901
0.00885009
0.0363485
0.0345177
0.0117548
0.0248347
0.035513
0.0299379
0.0264962
0.0111444
0.0063451
0.0289586
0.0251046
0.0385352
0.00904514
0.0098648
0.0273256
0.0253575
0.00532202
0.0239864
0.021025
0.0309169
0.0371996
0.0378349
0.0165339
0.0343126
0.0140758
0.0374322
0.00925914
0.00789315
0.024639
0.0103982
0.0167432
0.0209875
0.00491583
0.028498
0.00582215
0.000428819
0.0184359
0.0323183
0.0115732
0.024781
0.0212769
0.0366779
0.0233162
0.030322
0.00654267
0.0106417
0.0156795
0.0118647
0.0346282
0.0367046
0.00278161
0.0318278
0.0345395
0.0193155
0.0261404
0.00861536
0.0167477
0.0353996
0.0165085
0.00138668
0.00579771
0.0332518
0.0223741
0.0107135
0.0217498
0.0281963
0.0111424
0.000185662
0.0205146
0.0227156
0.0249667
0.00179153
0.0193935
0.00828284
0.0321136
0.0259361
0.0189246
0.00779311
0.0378008
0.0135528
0.00449768
0.000582424
0.0053806
0.0390372
0.0198979
0.031521
0.00765255
0.0366456
0.0269206
0.0241611
0.0380323
0.0327183
0.0174128
0.0204064
0.00343184
0.0391626
0.00860272
0.0145742
0.0393482
0.0291174
0.0372898
0.0243149
0.0309089
0.0166832
0.0325978
0.0230224
0.00261937
0.0115223
0.0308156
0.000420183
0.0250751
0.0353132
0.00100261
0.0304557
0.0343504
0.0209005
0.0219767
0.00200298
0.0175462
0.0088973
0.026164
0.0155785
0.00161559
0.00357687
0.0359849
0.00504743
0.00273944
0.00458763
0.0196216
0.00208767
0.033705
0.0169114
0.0264026
0.0246139
0.0335947
0.0190003
0.0076363
0.036214
0.0305227
0.0384519
0.0366342
0.0155978
0.0337651
0.0376368
0.00605347
0.0281155
0.0185373
0.0280302
0.0301185
0.0360835
0.0369275
0.0162826
0.011662
0.0385431
0.0198594
0.00764687
0.00359051
0.0225989
0.0122345
0.0232121
0.0246865
0.00593948
0.00012355
0.0110891
0.0305533
0.0337182
0.0300894
0.0381896
0.0299322
0.0206121
0.0366415
0.0265665
0.0362099
0.0304066
0.0242033
0.00226334
0.0185221
0.00274063
0.0302935
0.00864061
0.0388241
0.027221
0.0249232
0.0104861
0.0257641
0.00478259
0.018133
0.0293546
0.0273815
0.0303675
0.0125667
0.012068
0.0363069
0.0126903
0.0231571
0.0268603
0.0064085
0.0132465
0.0250499
0.0363407
0.0338586
0.0216914
0.0229072
0.0300685
0.012098
0.00711049
0.0323318
0.0306201
0.00985111
0.0226254
0.0392607
0.00867524
0.00984638
0.0241839
0.0191613
0.0356105
0.0289665
0.0372943
0.0249651
0.0163479
0.0276618
0.0375318
0.0284159
0.0239687
0.0102221
0.011573
0.010829
0.0166306
0.0248195
0.0358789
0.0129714
0.0186782
0.0175703
0.0358786
0.00874666
0.0296683
0.00298904
0.0010785
0.0202883
0.0128402
0.0237039
0.0195491
0.0215154
0.0335502
0.00373293
0.000676737
0.0291607
0.0326994
0.037971
0.0141258
0.00904732
0.0256328
0.0116576
0.0374632
0.00960148
0.0218797
0.00903622
0.0204304
0.0385103
0.0338557
0.0163093
0.0114817
0.0125339
0.0338796
0.00736022
0.0212806
0.0235478
0.0103493
0.0223591
0.00383617
0.0231894
0.00606293
0.0233852
0.00470482
0.0396132
0.0271182
0.00538156
0.0287739
0.0198176
0.00335259
0.00289968
0.0288649
0.0289854
0.0145573
0.0263281
0.0385869
0.036437
0.0353643
0.0190173
0.0349473
0.0292201
0.0353266
0.00642898
0.00175397
0.0292062
0.0137892
0.0230345
0.012754
0.0241385
0.00539359
0.0165902
0.00732788
0.0114565
0.0399754
0.0120327
0.0110697
0.0270935
0.0174142
0.0398436
0.0069111
0.0207668
0.00274325
0.035776
0.00975222
0.0173005
0.0221041
0.00833908
0.0137375
0.0174684
0.0273564
0.00868484
0.00668847
0.022683
0.0151138
0.00844244
0.0118892
0.028903
0.031477
0.0246432
0.0130415
0.0368706
0.00123334
0.0203693
0.00832707
0.00120873
0.032402
0.0193968
0.0283023
0.00981629
0.0192403
0.0352134
0.0305831
0.0219836
0.0309894
0.000335349
0.0392841
0.0130934
0.00867443
0.0130216
0.0305619
0.0360308
0.0217065
0.0372503
0.0187138
0.0368203
0.00569276
0.030603
0.0257233
0.0371697
0.0152461
0.0387648
0.0340403
0.0164795
0.0191341
0.00236735
0.0176882
0.0115362
0.0217641
0.00599049
0.0213525
0.00100442
0.00120387
0.0119356
0.022988
0.0321932
0.0122709
0.0222721
0.00528668
0.0209454
0.0352937
0.0358485
0.0169762
0.0170002
0.0330989
0.03569
0.0138205
0.0387916
0.026293
0.0395438
0.0359613
0.00153909
0.0383086
0.0300016
0.0180186
0.0174427
0.032369
0.0357068
0.0289789
0.0141331
0.00169727
0.0103313
0.0151375
0.00290115
0.0222669
0.0381255
0.0350944
0.0345378
0.0203976
0.000381066
0.0154832
0.0156913
0.0362296
0.0324594
0.0326915
0.0293285
0.0281494
0.00651203
0.0281201
0.0144423
0.00605585
0.0240814
0.0159814
0.00436444
0.014083
0.034
0.0218072
0.00645201
0.0297068
0.0107861
0.0205851
0.031404
0.0211174
0.0357226
0.0343052
0.00338431
0.0338481
0.0293996
0.0379222
0.0142456
0.0297806
0.0134054
0.029937
0.0260102
0.00586475
0.0226285
0.0153387
0.0340141
0.0291405
0.00345875
0.00845643
0.0351964
0.0275402
0.0244378
0.0395608
0.0016232
0.0184378
0.021368
0.0080752
0.00814458
0.032154
0.0286603
0.0395486
0.0132714
0.0243829
0.0338538
0.0166557
0.0182309
0.0232534
0.0145779
0.0324766
0.013034
0.0279832
0.0224135
0.0390442
0.033848
0.00504199
0.0143829
0.0278621
0.0341825
0.0178417
0.0363185
0.0293788
0.00538182
0.0207564
0.0289397
0.00700501
0.0391942
0.0103076
0.0150802
0.00733876
0.00246164
0.0037405
0.00688738
0.0157331
0.0281234
0.000741171
0.0323888
0.00635427
0.0239945
0.00696666
0.0388308
0.0370285
0.0349499
0.0212443
0.0360727
0.0287979
0.0262863
0.0104556
0.01666
0.0204688
0.0282973
0.0129785
0.00984767
0.0336791
0.0337349
0.0387873
0.000684119
0.0329291
0.00909494
0.0157643
0.000267847
0.0115566
0.0195048
0.00715522
0.0272896
0.0076282
0.00789639
0.0196784
0.0139825
0.0318909
0.0266451
0.0128133
0.0289194
0.021595
0.0340576
0.0249922
0.0103929
0.020344
0.0354478
0.0270529
0.000812784
0.0237451
3.14321e-05
0.0106605
0.0174242
0.0337663
0.00944777
0.0181083
0.0266954
0.0185427
0.0338727
0.0269633
0.0300993
0.0133775
0.0341185
0.0173889
0.0210057
0.00201489
0.0370673
0.0349882
0.0339058
0.0237124
0.00780148
0.0228253
0.00530737
0.00185912
0.00781743
0.0157003
0.0222031
0.00326525
0.00275315
0.0230159
0.0270103
0.00278458
0.0336763
0.00443456
0.0365509
0.00312409
0.0225429
0.0232463
0.0216668
0.0164156
0.0102096
0.0117661
0.0297931
0.0043281
0.029155
0.0107988
0.00634298
0.0262223
0.00578694
0.000248793
0.0099347
0.0135884
0.023074
0.0152421
0.0154475
0.0308915
0.0309423
0.0376506
0.0341567
0.0336955
0.0206665
0.0211671
0.03648
0.0143428
0.0256016
0.033031
0.0174669
0.00814452
0.0162773
0.0391337
0.0245601
0.0264869
0.0108998
0.0143531
0.030815
5.47626e-05
0.0251519
0.037158
0.0262771
0.0309389
0.0374068
0.0362118
0.00452727
0.0204808
0.0114538
0.0199748
0.0113723
0.00239615
0.0176254
0.00552903
0.0360916
0.0382919
0.0266961
0.0325717
0.0126348
0.0122977
0.0256026
0.0301017
0.0204422
0.00187993
0.0292354
0.00500232
0.0283668
0.000135135
0.0193555
0.0191819
0.000189898
0.00450737
0.0163398
0.026467
0.0354462
0.0137466
0.0226787
0.0399735
0.0342275
0.0341326
0.0199483
0.00559976
0.0365287
0.0375738
0.0111288
0.0326203
0.0358657
0.0378249
0.025192
0.00850046
0.0101226
0.0107946
0.0386021
0.0305649
0.0126746
0.0278375
0.0355672
0.00104141
0.0279726
0.0149226
0.0202233
0.0281625
0.01943
0.0365631
0.0146295
0.0148762
0.0103097
0.0373082
0.0148497
0.00453719
0.0314408
0.0347981
0.010137
0.0279695
0.0323718
0.0212657
0.0205898
0.0282375
0.0190906
0.00578181
0.036738
0.0292132
0.0165764
0.0353401
0.0197781
0.029251
0.0231776
0.0153453
0.0302924
0.0111502
0.0302679
0.0105157
0.0393127
0.00969794
0.00707877
0.0139422
0.0245742
0.0173885
0.0112504
0.0394239
0.0219257
0.00269114
0.034222
0.0320626
0.0306606
0.0265938
0.0133284
0.0112504
0.0148314
0.032419
0.0170322
0.0115693
0.0216322
0.0336087
0.00690945
0.00141033
0.0228597
0.030087
0.0167556
0.0131521
0.00123721
0.00702352
0.0236678
0.000549898
0.0167215
0.0307465
0.0144921
0.00129563
0.00813502
0.0257424
0.000719565
0.0300607
0.0284336
0.0349416
0.0221233
0.0190942
0.0215354
0.0354517
0.0303446
0.0363668
0.0278707
0.00737685
0.0079361
0.00950294
0.000985532
0.0148455
0.0109133
0.0238452
0.00493257
0.0276689
0.0369973
0.00616977
0.0346924
0.0206651
0.00671967
0.0114138
0.0114116
0.0212117
0.0127095
0.0195466
0.00695417
0.013429
0.00960733
0.0353877
0.00837059
0.0317307
0.0144819
0.029906
0.0271824
0.00482653
0.0262727
0.0150531
0.0122034
0.0342088
0.024556
0.0131889
0.00905439
0.0354693
0.0370341
0.013987
0.0231381
0.0340314
0.0201567
0.0178305
0.0146965
0.0268764
0.0292443
0.0261081
0.00808813
0.00195381
0.00565475
0.0150423
0.0153828
0.0152621
0.01043
0.0237534
0.00699274
0.024912
0.0136594
0.0341751
0.0297385
0.0399322
0.00922816
0.00194187
0.034141
0.0337842
0.0151308
0.00319539
0.0292534
0.0121649
0.0171823
0.0123915
0.00619637
0.0373391
0.0302221
0.0208929
0.0242155
0.0194664
0.00700103
0.0323036
0.0214202
0.0126558
0.0073459
0.036803
0.0279179
0.0177759
0.0205565
0.0349106
0.00268789
0.0342159
0.0290857
0.0324264
0.0341481
0.0383138
0.0343682
0.0282891
0.032098
0.00949904
0.0314845
0.0213514
0.021664
0.00866681
0.033743
0.0278603
0.00600588
0.023965
0.00875324
0.0302213
0.00343141
0.0157543
0.022525
0.0248516
0.02841
0.0298709
0.0216547
0.0163279
0.00764679
0.00221114
0.0112385
0.0103347
0.036427
0.000324182
0.00276106
0.0305751
0.038638
0.0371293
0.0188642
0.030736
0.00662835
0.0103486
0.0120874
0.0282923
0.0190154
0.0058304
0.0161526
0.0250213
0.0297954
0.0249059
0.0152427
0.0332268
0.000660146
0.0377676
0.0180784
0.0290702
0.0276385
0.0397331
0.00539809
0.0352853
0.00194423
0.0166366
0.00561994
0.0383713
0.0169608
0.008381
0.0289464
0.0155988
0.0055103
0.00781055
0.00633481
0.0121387
0.0181592
0.0184222
0.000430964
0.0371746
0.0242526
0.0165836
0.0221959
0.014048
0.0014895
0.0374386
0.00727487
0.00214964
0.0352062
0.0253533
0.0312198
0.0228447
0.0250864
0.0366179
0.01813
0.0270306
0.0132545
0.0237499
0.0254019
0.0302153
0.0321309
0.0143483
0.00581404
0.0376412
0.0221588
0.0121489
0.00977985
0.000318025
0.0305711
0.0102108
0.0374927
0.0148237
0.0267944
0.0196886
0.0288718
0.0282839
0.0171272
0.0361467
0.0304336
0.0123334
0.0215
0.0216534
0.0351781
0.00658636
0.0182713
0.0133081
0.033617
0.0315258
0.037058
0.0190189
0.0217411
0.0291889
0.0333672
0.0275551
0.0268301
0.015526
0.039704
0.0366099
0.015844
0.0302751
0.00682072
0.0133367
0.0050988
0.0336151
0.0330253
0.0339706
0.0218991
0.0101525
0.0301172
0.0123326
0.0224859
0.0116172
0.033986
0.0176641
0.0182036
0.0122573
0.0309722
0.0118206
0.00378316
0.0280301
0.0308394
0.0255242
0.017219
0.0242066
0.0130793
0.00404906
0.0397326
0.0127833
0.000658975
0.0155767
0.00305835
0.0074797
0.0289134
0.00815715
0.00109485
0.0219387
0.00212774
0.0229939
0.0320912
0.032245
0.0353266
0.0145771
0.00386219
0.0293126
0.0322412
0.0220657
0.00156994
0.0232133
0.0338863
0.0053531
0.0112435
0.0247257
0.0308773
0.0284625
0.00893237
0.00395666
0.0325115
0.00866502
0.01674
0.0331705
0.0242417
0.0197983
0.000650198
0.0131551
0.0279555
0.00174505
0.0350938
0.0300832
0.024739
0.0271849
0.0223282
0.0200655
0.00176204
0.0261904
0.00937812
0.0340032
0.00825611
0.0109481
0.0172166
0.00214241
0.0163012
0.02846
0.0268682
0.0071785
0.0169225
0.0358005
0.0111352
0.009434
0.00446554
0.0278751
0.0026045
0.0287072
0.00767341
0.00325469
0.00186233
0.0356289
0.00499974
0.0369561
0.0257121
0.0297387
0.024141
0.00804023
0.00980424
0.0259031
0.0342306
0.0191824
0.0199063
0.00248669
0.0301304
0.0371228
0.0046291
0.0064316
0.0255828
0.0314972
0.0136101
0.00250531
0.0272978
0.0247453
0.0119393
0.0317633
0.0126204
0.0145438
0.0204706
0.0202938
0.0177985
0.0223329
0.0159226
0.0227982
0.019289
0.00163468
0.012537
0.00342998
0.00967491
0.0223412
0.029333
0.00390549
0.00152355
0.0092393
0.00639218
0.031654
0.00636213
0.0110213
0.0380856
0.031945
0.00251853
0.0116957
0.0344503
0.0298163
0.0364409
0.0063896
0.0215796
0.00906128
0.0209334
0.00205019
0.029355
0.0387319
0.0243831
0.00527768
0.0215302
0.00367205
0.00691236
0.0340671
0.00710203
0.0165873
0.0164083
0.0364351
0.0204928
0.0179318
0.00567437
0.0268849
0.00958583
0.0120365
0.0379062
0.00767141
0.00398146
0.000424755
0.0193671
0.0384317
0.0302411
0.015808
0.00482134
0.0118207
0.0248693
0.0257547
0.0138709
0.0142243
0.0244867
0.038254
0.019502
0.00601681
0.00192601
0.0264144
8.39172e-05
0.00902804
0.00300165
0.0164922
0.00546311
0.0234944
0.0344241
0.0111375
0.0103794
0.00400989
0.023174
0.00828559
0.0116813
0.0271554
0.00871034
0.0310484
0.0255872
0.0389514
0.0068564
0.0304085
0.0107721
0.0317257
0.0161633
0.024643
0.00595005
0.000649926
0.0228969
0.0254521
0.00666674
0.0248229
0.0118665
0.00675065
0.033851
0.0148681
0.0232429
0.0393141
0.0383625
0.0176669
0.0104515
0.00874189
0.0216768
0.0336255
0.0170275
0.0333581
0.0207809
0.0257378
0.0244065
0.00636812
0.0246892
0.0312629
0.0367766
0.0354613
0.0229886
0.0129399
0.0201043
0.0289387
0.0135898
0.00300117
0.0143907
0.0202566
0.0278241
0.0262572
0.0270072
0.021675
0.00112532
0.0102501
0.0209891
0.0394878
0.027917
0.0314406
0.00822973
0.00959385
0.0250662
0.0252572
0.00295197
0.00584709
0.010995
0.0273585
0.0122152
0.0356842
0.0186214
0.00899186
0.0311455
0.00161001
0.0219318
0.0112498
0.0305487
0.0355216
0.014251
0.00493942
0.0157782
0.00207506
0.0311966
0.0027854
0.0237501
0.032322
0.0130355
0.00473922
0.0318098
0.000952523
0.0361799
3.95368e-05
0.0105464
0.021246
0.0252967
0.0134983
0.0270931
0.0362918
0.000856814
0.0393083
0.031976
0.0194782
0.00830018
0.0231216
0.0210882
0.0302319
0.0343714
0.0116369
0.0257536
0.00862233
0.0165763
0.00153173
0.0106974
0.00777295
0.00431713
0.0344475
9.49002e-05
0.0173526
0.0391867
0.0319047
0.0183052
0.0353666
0.0319442
0.0288515
0.0166126
0.017241
0.00234986
0.00370571
0.0135328
0.00320667
0.00301404
0.00550876
0.0226849
0.0113142
0.0286303
0.00377309
0.00154617
0.0230017
0.01541
0.0272997
0.031624
0.0319863
0.0288315
0.00232137
0.0397592
0.0331486
0.0367689
0.0398541
0.0105012
0.0359556
0.0317588
0.0288064
0.0313222
0.0237031
0.0176579
0.00793475
0.000944064
0.0200078
0.0116405
0.0144768
0.0232144
0.0146545
0.0199856
0.00589931
0.0259687
0.00861588
0.0096724
0.0275149
0.0316175
0.0250824
0.0148146
0.0232415
0.0170687
0.00364606
0.0255629
0.0168279
0.0367946
0.0223318
0.016682
0.00729587
0.0182874
0.00844089
0.0361022
0.00960951
0.032144
0.0137601
0.0175443
0.033088
0.0337679
0.0291847
0.00756485
0.0169823
0.00383922
0.0275504
0.0228816
0.0298079
0.0361663
0.032554
0.0173228
0.0277839
0.0176364
0.0321374
0.0110254
0.0347051
0.0357835
0.0365883
0.011533
0.0325781
0.0189201
0.028215
0.039874
0.0372074
0.0366559
0.0359762
0.00681694
0.0287999
0.00973638
0.0243612
0.0218879
0.00350427
0.0135459
0.0294528
0.0204866
0.0173852
0.0170032
0.00336823
0.00719309
0.0131695
0.0359223
0.0245159
0.000953393
0.0135587
0.0166533
0.0119788
0.00826377
0.0124368
0.00856708
0.0197968
0.00501496
0.0274872
0.00801182
0.00488896
0.0246946
0.00466776
0.000865197
0.0315115
0.0334677
0.0106016
0.0158727
0.0153556
0.0141058
0.0294187
0.00480841
0.0345924
0.00680381
0.0218116
0.0379607
0.0139969
0.0349812
0.0338829
0.0385128
0.0359346
0.00744163
0.0151661
0.00791335
0.0157054
0.027603
0.0164804
0.0355022
0.0326179
0.00396759
0.00351399
0.0375069
0.0286622
0.00818175
0.0383721
0.0201737
0.00164941
0.00897364
0.0360464
0.017005
0.0230795
0.0254651
0.0218134
0.0176719
0.0322689
0.00362508
0.0156326
0.00626578
0.0386063
0.00951555
0.00477858
0.0345408
0.0169572
0.0199447
0.00245418
0.0326626
0.00754767
0.0189346
0.0281648
0.000165585
0.0229022
0.0316787
0.0376725
0.0115644
0.0398605
0.0360445
0.0317381
0.0015099
0.00501816
0.0277845
0.0185149
0.0280976
0.0132496
0.00032837
0.00576958
0.00551844
0.00395345
0.0214022
0.0117842
0.00255971
0.0309177
0.0165628
0.0371005
0.00787491
0.0365075
0.0395547
0.00053749
0.00405519
0.0184893
0.0287022
0.00422077
0.00139153
0.020381
0.00189323
0.0129559
0.0202415
0.0379377
0.00469396
0.0217514
0.00295591
0.0324784
0.000266294
0.0310536
0.00572799
0.000594664
0.0368231
0.0112464
0.00454812
0.0182253
0.0230306
0.00710783
0.00914304
0.0395934
0.00420837
0.017018
0.036101
0.00376309
0.0175554
0.000156142
0.0222524
0.00625768
0.00437691
0.023644
0.0266387
0.00627014
0.0365999
0.00688013
0.00420788
0.00129382
0.0286315
0.00716379
0.0337723
0.0288978
0.0382174
0.0395002
0.0294925
0.0350405
0.0107467
0.0340406
0.0132658
0.0337773
0.0011484
0.0224088
0.0333708
0.00535677
0.0394268
0.0294717
0.00911986
0.0169822
0.0296279
0.0313723
0.0232399
0.0340048
0.0150163
0.00987857
0.000274904
0.0116161
0.0167587
0.00448279
0.0129099
0.0053902
0.0116466
0.0066822
0.034288
0.00986393
0.00618244
0.0237804
0.00490442
0.0169291
0.017821
0.0181702
0.0107064
0.0189694
0.00057905
0.00407718
0.0243262
5.8376e-06
0.0335489
0.0334461
0.0169881
0.0231767
0.0248183
0.000227975
0.0171815
0.0398346
0.0101065
0.0174564
0.0114507
0.0268653
0.0219392
0.0243607
0.0322555
0.0335858
0.0310429
0.0265434
0.00344972
0.0372253
0.0103239
0.00835414
0.0141544
0.0281449
0.0265243
0.0248608
0.00711432
0.0271034
0.028938
0.0314405
0.0271092
0.0224869
0.0248866
0.0040973
0.00566364
0.0097049
0.00432528
0.0228451
0.0095395
0.0144318
0.000301554
0.0209902
0.00129707
0.0222408
0.00535088
0.0335525
0.0158265
0.0363937
0.020096
0.0192763
0.033619
0.0304199
0.0276304
0.00777345
0.0185648
0.0141547
0.0326343
0.0256791
0.00125814
0.0215723
0.0171196
0.0283674
0.00405918
0.00200615
0.0324647
0.00972282
0.0117111
0.0367899
0.032568
0.0212506
0.0112218
0.0328695
0.00224077
0.0125188
0.0151103
0.00759165
0.00607137
0.0309368
0.00398539
0.0261673
0.0102131
0.0376044
0.0165872
0.0378434
0.00537788
0.035152
0.0119982
0.0380122
0.020831
0.0132563
0.0195844
0.0379506
0.00162369
0.0236436
0.0399568
0.0340884
0.0333664
0.0116678
0.0308783
0.0259344
0.0329184
0.00210009
0.0188039
0.0351592
0.0146189
0.0339142
0.00275081
0.0206903
0.024851
0.0067362
0.00685764
0.035064
0.00434064
0.0234448
0.0329075
0.00971852
0.0185968
0.00490568
0.00773068
0.0394278
0.018162
0.0273151
0.0373785
0.0197857
0.0109588
0.0373352
0.0138741
0.0043252
0.00900307
0.00475237
0.0302596
0.00192146
0.00685245
0.00906353
0.0370806
0.0214714
0.00297771
0.0398314
0.00216169
0.0278287
0.00656764
0.00901933
0.0228928
0.0109083
0.0324642
0.0158002
0.0206268
0.011061
0.0207059
0.0283575
0.0104888
0.0388679
0.0156726
0.00786726
0.0186536
0.0266313
0.0052025
0.0325277
0.0309565
0.0142056
0.03728
0.0212162
0.016127
0.0041325
0.0302797
0.0132077
0.0256039
0.0332574
0.0130391
0.0277656
0.0210861
0.0196067
0.0367849
0.00397885
0.030515
0.0292491
0.0197791
0.0111418
0.000310034
0.000485025
0.0394992
0.0107988
0.039353
0.0151718
0.0186661
0.0180066
0.00180318
0.0238686
0.0105342
0.0327597
0.0380742
0.00781429
0.0139759
0.0142012
0.0119468
0.00425556
0.0274088
0.0375507
0.037513
0.000447933
0.0253162
0.018599
0.0200547
0.0221011
0.0225779
0.0105696
0.0113502
0.00235699
0.0217114
0.0116603
0.00284202
0.0212107
0.0224591
0.00219497
0.0363825
0.00112517
0.0202015
0.0381857
0.0249938
0.0307358
0.0309454
0.0230679
0.0385501
0.00492131
0.0372691
0.0104969
0.00917687
0.024678
0.00804755
0.00668982
0.0251259
0.0333638
0.0252889
0.00518055
0.0154649
0.00786676
0.0157502
0.0268152
0.0102238
0.0374616
0.0384754
0.0130658
0.0186723
0.0209345
0.0152607
0.0150548
0.0220597
0.0354623
0.0132405
0.00705344
