0.0176641
0.0441809
0.043376
0.0392517
0.0372845
0.0146653
0.0359987
0.0394334
0.0307413
0.0121591
0.0458883
0.0257399
0.0135474
0.0456791
0.0148941
0.0390822
0.0347939
0.0200402
0.0114686
0.0179649
0.0446652
0.0422641
0.0331181
0.0209305
0.0239022
0.0342037
0.0309179
0.0136322
0.0211521
0.0140931
0.0220295
0.0288162
0.048274
0.0154054
0.0180679
0.0355586
0.0200707
0.0440666
0.024992
0.040812
0.0462257
0.0208802
0.016552
0.0497731
0.0165593
0.021446
0.0388554
0.0413532
0.0314863
0.0403239
0.0493181
0.0261515
0.0325881
0.0324362
0.037082
0.0464903
0.0166399
0.0179999
0.0101225
0.027792
0.0220931
0.0221519
0.0466082
0.0203671
0.0275573
0.0146761
0.0459257
0.0376281
0.0487427
0.0209176
0.0284401
0.0449685
0.0317978
0.0349921
0.0447416
0.0383571
0.0464381
0.033597
0.0297104
0.0279244
0.0239209
0.0290285
0.0440759
0.046509
0.0114647
0.0311579
0.0429993
0.0181046
0.0391578
0.0431217
0.0358966
0.0112509
0.0152736
0.0325048
0.021618
0.032831
0.037181
0.0175437
0.020459
0.0359237
0.0284613
0.0388991
0.0308922
0.0102591
0.0238912
0.0256338
0.0386162
0.0203293
0.0492308
0.0183266
0.0382537
0.0231517
0.0373551
0.0323296
0.0196607
0.0388198
0.0134875
0.01266
0.0469244
0.0426454
0.0457818
0.032821
0.0438963
0.0110554
0.0153259
0.0155143
0.0338864
0.0425068
0.023058
0.0443454
0.0284305
0.0415193
0.0332445
0.0493227
0.0417784
0.0471357
0.0249565
0.0303946
0.017465
0.0241873
0.0387212
0.0457187
0.037339
0.0260763
0.0280483
0.0469997
0.0148961
0.0315358
0.0496597
0.0118204
0.0241811
0.0454415
0.0346415
0.0180774
0.0464969
0.0399673
0.0235917
0.0303832
0.0324742
0.0366497
0.0247286
0.0109047
0.0281689
0.0479731
0.0102274
0.0199473
0.0451088
0.0251839
0.040342
0.0125737
0.0393712
0.0290632
0.0482924
0.0267102
0.0451395
0.0263407
0.0237099
0.0100356
0.0478764
0.0233696
0.011856
0.0220575
0.018811
0.0364975
0.0301349
0.0153079
0.0264648
0.0437266
0.0356912
0.048939
0.0303762
0.0104198
0.0498437
0.0485452
0.0483929
0.0100711
0.0184925
0.0435017
0.025255
0.0488344
0.0460754
0.0146262
0.0278976
0.0443678
0.0313364
0.0230372
0.0207085
0.0450462
0.0230727
0.0185849
0.0184158
0.0249288
0.0306424
0.0272269
0.0114263
0.0107773
0.0325348
0.0278911
0.0445039
0.0182259
0.02683
0.0248802
0.0186457
0.0266737
0.0234253
0.0170386
0.0267448
0.0319178
0.0105403
0.0419999
0.0307523
0.0466157
0.0466261
0.0486499
0.0409836
0.0279624
0.0216871
0.011692
0.0230087
0.0347598
0.0202769
0.0314245
0.0496886
0.0409194
0.0486514
0.0111148
0.0416967
0.0311861
0.0290059
0.0362006
0.0394121
0.0458359
0.0110808
0.0480578
0.0225097
0.0245061
0.0150964
0.0392545
0.046424
0.0156367
0.0312543
0.0271762
0.0122525
0.0278804
0.0258261
0.043236
0.0458429
0.0375132
0.0449281
0.0188515
0.0222729
0.015205
0.040276
0.0219615
0.0461244
0.0389274
0.0230763
0.0378211
0.0201136
0.0420822
0.0240217
0.0495256
0.0379182
0.0251026
0.0475835
0.0104278
0.0396087
0.0126799
0.0396823
0.0360327
0.0183166
0.0209366
0.0132089
0.0205691
0.038817
0.029035
0.0138051
0.0346599
0.0165481
0.0487332
0.0435114
0.0288211
0.0139382
0.0337875
0.0407826
0.0100626
0.0227149
0.0138589
0.0378837
0.0328284
0.0459411
0.0119054
0.0323541
0.0338593
0.027008
0.0299376
0.0342871
0.0166167
0.0326175
0.0239694
0.0426494
0.0409341
0.034906
0.0458582
0.0115032
0.0237231
0.0248932
0.0153083
0.048383
0.0314414
0.0140416
0.0418944
0.0102624
0.0179798
0.0256819
0.041045
0.0180424
0.0383968
0.044904
0.0459261
0.0212252
0.0408451
0.0478315
0.0435793
0.0247044
0.0248395
0.0235169
0.0489915
0.0314562
0.0461343
0.0229609
0.0241056
0.0370684
0.047867
0.0199638
0.0385716
0.02159
0.0348571
0.04388
0.019973
0.0162984
0.0479215
0.0118674
0.0165609
0.0159013
0.0275493
0.0476059
0.0239437
0.0159461
0.0425099
0.0198697
0.0271714
0.033355
0.0177013
0.0207507
0.0480594
0.0325408
0.0342676
0.0470509
0.013997
0.0304019
0.0200119
0.0281026
0.0174703
0.0178788
0.0380664
0.046042
0.0294689
0.0229235
0.0399219
0.0394419
0.0292219
0.0378435
0.0413093
0.0357828
0.0437448
0.0188587
0.0333887
0.0176884
0.0248048
0.0258986
0.0275582
0.0419761
0.0492536
0.0352594
0.0127268
0.047313
0.0178002
0.0369944
0.0443639
0.0217972
0.0173963
0.0143758
0.0398998
0.0248666
0.0222546
0.0279662
0.0209085
0.0417235
0.0408897
0.0108305
0.0311654
0.0201116
0.0386739
0.0224747
0.0458944
0.0324187
0.0313334
0.0292831
0.0401071
0.0461382
0.0451817
0.0176653
0.0381143
0.0444353
0.0429248
0.0408411
0.0417483
0.010725
0.0278355
0.0361123
0.0225222
0.0352317
0.040488
0.012422
0.0100983
0.0127427
0.0303882
0.0210068
0.0444661
0.0212779
0.0218373
0.0256315
0.0313895
0.0105112
0.0381062
0.027284
0.0329299
0.0194396
0.0465671
0.023037
0.0155778
0.0417489
0.0307024
0.0436921
0.0361842
0.0236271
0.0345332
0.0279325
0.0243521
0.0123687
0.0140448
0.0368742
0.0376004
0.0445328
0.0392962
0.0376987
0.0472755
0.0196844
0.0487055
0.0417416
0.0309623
0.0205428
0.0173731
0.0123518
0.021054
0.0454794
0.0296358
0.0439839
0.014919
0.0262029
0.0170209
0.0204968
0.0179518
0.0377233
0.0141889
0.044136
0.0113504
0.0387221
0.0220685
0.0257025
0.0410908
0.0261133
0.0125768
0.0286912
0.0206461
0.041873
0.0163899
0.0179216
0.0115573
0.0150954
0.0496632
0.0325196
0.0256382
0.0170363
0.0348714
0.0366922
0.0125157
0.0145072
0.0306761
0.0174347
0.0307101
0.037697
0.0279316
0.0386619
0.0254203
0.0321205
0.0327979
0.0267707
0.0208426
0.0448664
0.0424733
0.0119334
0.0209796
0.04505
0.0306247
0.0316257
0.036923
0.0370146
0.0395473
0.0384803
0.04211
0.0392104
0.0209999
0.0177483
0.0462467
0.0458713
0.0444405
0.0487625
0.0103785
0.0251166
0.0161972
0.0310886
0.0128136
0.0341287
0.0197505
0.0282339
0.0162492
0.0425484
0.0450046
0.0270918
0.0374147
0.0374779
0.0290253
0.0483944
0.0325279
0.0496499
0.0300201
0.0194509
0.0366645
0.0195674
0.0479311
0.0287746
0.0487778
0.018931
0.0365228
0.0450245
0.0148023
0.0309633
0.043787
0.0151808
0.0460799
0.0499842
0.0362694
0.0488935
0.0341129
0.0460199
0.0271274
0.0403621
0.0385683
0.022132
0.017454
0.025983
0.0496099
0.0364793
0.0243774
0.0321378
0.0361292
0.0443975
0.0415887
0.0227937
0.0139648
0.0395198
0.0415683
0.0127426
0.0484508
0.0280911
0.0477672
0.0132532
0.0490544
0.0415542
0.018434
0.0451343
0.0415383
0.0447034
0.0440277
0.0256512
0.0407233
0.0211551
0.0160134
0.0292916
0.0332871
0.0234674
0.0452746
0.032897
0.0499466
0.0196521
0.0150349
0.0360758
0.0140495
0.0466235
0.0488696
0.0180144
0.0361434
0.0404379
0.020757
0.0345942
0.018529
0.0185242
0.0378473
0.0175834
0.0100783
0.0462813
0.0127177
0.0416167
0.0409847
0.0467455
0.0172679
0.031708
0.0179006
0.0232813
0.0109996
0.0411877
0.0367486
0.0462742
0.0240847
0.0366953
0.0159263
0.0291196
0.0227711
0.0199758
0.0257431
0.0216407
0.0279902
0.0118865
0.0120786
0.0387472
0.0364807
0.0206076
0.0472714
0.024328
0.028191
0.0473498
0.0206093
0.0309087
0.0389664
0.011594
0.0276542
0.0462343
0.033302
0.0355547
0.0195156
0.0343016
0.0267424
0.0462642
0.0305758
0.0408272
0.0329595
0.0365021
0.0199468
0.0457306
0.046478
0.0356899
0.0173713
0.0244682
0.0375763
0.0194499
0.0132155
0.024057
0.0300575
0.0104869
0.038385
0.0482485
0.0478366
0.0489943
0.0291572
0.036803
0.0105883
0.0468114
0.0330374
0.0338903
0.0323661
0.0425529
0.0181919
0.0491086
0.0388172
0.0387677
0.0399357
0.0217767
0.0252699
0.0498825
0.0175073
0.0217479
0.0355724
0.0248786
0.0362161
0.0231487
0.0343285
0.0394316
0.0372057
0.014386
0.0399184
0.0255907
0.0126345
0.0377551
0.024585
0.0317917
0.0245581
0.0251733
0.0286031
0.0475955
0.0490636
0.0109692
0.0401484
0.0172555
0.0100777
0.0289656
0.0460232
0.0400134
0.0407423
0.0212931
0.0398959
0.0482496
0.033041
0.0254683
0.0231282
0.0192571
0.038617
0.0474568
0.0486886
0.0258226
0.0118428
0.0386071
0.0414133
0.0144773
0.0263621
0.0159982
0.036269
0.0409203
0.0311715
0.014872
0.0385157
0.0302351
0.0158412
0.0286642
0.0374906
0.0159189
0.0476298
0.0335138
0.0459324
0.038372
0.0448069
0.0358283
0.0366216
0.0278479
0.0112966
0.0497498
0.037105
0.0399135
0.0472066
0.0357936
0.0157362
0.0490494
0.0244007
0.0471494
0.0135267
0.0407628
0.0131477
0.0397957
0.0316831
0.0343192
0.0446677
0.0201988
0.0145543
0.0105089
0.038863
0.0420449
0.0164278
0.0364927
0.0255586
0.0123602
0.0248648
0.0203655
0.0381885
0.0114864
0.0382134
0.039485
0.0112362
0.0253184
0.0293986
0.0484427
0.011112
0.0351347
0.0474921
0.0255126
0.0322842
0.0110188
0.0162754
0.0354319
0.0408144
0.0379585
0.0197511
0.0354821
0.0481573
0.0243054
0.035991
0.0370203
0.0163503
0.0424188
0.023513
0.0319089
0.044779
0.0383778
0.0422744
0.0329675
0.0398641
0.0304878
0.0224525
0.0411003
0.0458062
0.0418511
0.039543
0.0469182
0.0269858
0.0370352
0.0224308
0.04927
0.0380539
0.0287062
0.0347019
0.0288684
0.0166647
0.044453
0.0143505
0.014822
0.0187584
0.0403415
0.0418422
0.0251087
0.0327604
0.0153552
0.0470176
0.0275394
0.043733
0.039292
0.0105069
0.0335972
0.0197798
0.0229594
0.0246975
0.015586
0.0148105
0.0142405
0.0125042
0.0317963
0.0412757
0.024935
0.0310663
0.0293296
0.0436412
0.0157682
0.048198
0.0103058
0.0102212
0.0125485
0.0151278
0.0189797
0.04289
0.04697
0.0340883
0.0256504
0.0123253
0.0311059
0.0431898
0.0460583
0.0203979
0.0436966
0.0296554
0.0301777
0.016656
0.0443529
0.0357638
0.0214665
0.0485934
0.038268
0.0432628
0.039869
0.0132029
0.0243291
0.0191986
0.0468441
0.0300974
0.0173966
0.0471499
0.0303186
0.0199451
0.0122777
0.0392983
0.0128351
0.0492477
0.0233866
0.0284855
0.0115729
0.0444925
0.0216753
0.0476312
0.0148904
0.0153719
0.0272866
0.0350681
0.0220279
0.0216395
0.0208318
0.0334944
0.0202329
0.0490998
0.0267572
0.0101019
0.0123027
0.0410863
0.0193005
0.0491468
0.0211837
0.0266971
0.0462967
0.0415024
0.0366422
0.0485744
0.0308006
0.0394773
0.0478221
0.0441872
0.0179628
0.049395
0.0386797
0.029638
0.0470262
0.0435701
0.0350099
0.0243128
0.0286381
0.0470379
0.0359523
0.03947
0.0305323
0.0461852
0.0385698
0.0472895
0.0462871
0.0408725
0.0383758
0.0155876
0.0400194
0.0495595
0.0322847
0.0363161
0.0410619
0.0189269
0.0348905
0.0218625
0.0484042
0.0327126
0.0160497
0.016367
0.0321076
0.0447294
0.036005
0.0291338
0.0382995
0.021015
0.0434466
0.0169376
0.0180528
0.029399
0.0464076
0.0385851
0.0255842
0.0349774
0.0358746
0.0218713
0.0258499
0.0242504
0.0274589
0.0158693
0.0238099
0.0497436
0.0421853
0.0148718
0.0186705
0.0270758
0.0267343
0.0170747
0.0497884
0.032784
0.0234417
0.031896
0.0275135
0.0494468
0.0110298
0.015813
0.0204617
0.0444764
0.0227506
0.0285146
0.0238754
0.0191582
0.0170997
0.0394596
0.0441356
0.0429742
0.0113309
0.0199855
0.0172246
0.0287898
0.0258548
0.0310345
0.0285334
0.0180401
0.0359063
0.0372039
0.0351159
0.0126406
0.0442787
0.0349043
0.0354246
0.0177204
0.0168004
0.0129381
0.0171672
0.0178302
0.0187511
0.0276289
0.0123066
0.0315017
0.0461435
0.026182
0.0406599
0.0132432
0.0156416
0.0347955
0.0462174
0.0169725
0.044781
0.013442
0.0357623
0.0206358
0.0344765
0.0142956
0.0286759
0.0203827
0.0414996
0.0137918
0.0230233
0.0357783
0.0386961
0.0484479
0.0434987
0.0454965
0.011386
0.0106658
0.0133267
0.0201371
0.0282948
0.0156333
0.0416387
0.0244383
0.0318153
0.0322987
0.0276814
0.0374569
0.0170942
0.0238988
0.0444294
0.0118752
0.0273408
0.0301916
0.022511
0.0118173
0.0344873
0.0411869
0.0222
0.0259869
0.0449787
0.0352233
0.0117651
0.0336748
0.0336712
0.0452638
0.0291713
0.0350572
0.0459296
0.032498
0.0451943
0.0242244
0.0381313
0.036833
0.0386627
0.0199465
0.0191317
0.0163441
0.0474034
0.0262259
0.0302429
0.0418328
0.0281011
0.0475837
0.0220244
0.0406122
0.049401
0.0465117
0.0317991
0.0216011
0.0224985
0.0267777
0.0468244
0.0242637
0.0104526
0.0304956
0.0195274
0.0296239
0.0155529
0.0154571
0.0121219
0.0107471
0.0296815
0.0402532
0.0375801
0.0183441
0.0101997
0.0467118
0.0246882
0.0476031
0.0229377
0.0449311
0.0394359
0.0410389
0.0425148
0.0114603
0.031651
0.0419159
0.047972
0.0134501
0.0135169
0.0204705
0.0302278
0.0103413
0.0347342
0.0306804
0.030837
0.0442616
0.0103044
0.0363898
0.0497187
0.0124263
0.037137
0.0294002
0.0426795
0.0247171
0.0377443
0.0428792
0.021429
0.0124325
0.0404823
0.0343667
0.0473636
0.0299183
0.0254056
0.0398785
0.0313786
0.0470566
0.0317943
0.0293506
0.0105067
0.0353113
0.0398211
0.0307345
0.0356526
0.0245553
0.011415
0.0164896
0.018817
0.0117193
0.0428794
0.0185357
0.0141456
0.0300164
0.0379359
0.0468251
0.0447335
0.0256802
0.0397043
0.0161624
0.0281127
0.0301866
0.0405291
0.0254763
0.0101049
0.0159347
0.0153548
0.0314835
0.0129913
0.0371492
0.0108341
0.013498
0.0224605
0.0406552
0.0342325
0.0481131
0.0152106
0.0356475
0.0146026
0.0240275
0.0373668
0.047482
0.0325632
0.0415124
0.0274984
0.0204991
0.0383375
0.0222318
0.0361793
0.0280418
0.0283943
0.014292
0.0482285
0.0189234
0.0297683
0.0483333
0.0248581
0.0351232
0.0298168
0.0278493
0.0222723
0.0306509
0.0313473
0.0347328
0.0213061
0.0155799
0.0328459
0.0265166
0.0412273
0.0374485
0.0405442
0.0285941
0.0349305
0.0231074
0.0201066
0.0124289
0.0336065
0.0484441
0.0246607
0.0197857
0.0264859
0.043055
0.0240777
0.0247144
0.0119784
0.043846
0.0230477
0.0268364
0.0289692
0.0428645
0.0446858
0.0412415
0.0235154
0.0260331
0.0259743
0.0348215
0.031613
0.0488201
0.0113381
0.0228403
0.0362686
0.0418823
0.0414344
0.0211991
0.0149896
0.011541
0.023628
0.0385961
0.0499851
0.0382888
0.0483818
0.026471
0.0313438
0.0224595
0.0411854
0.0333221
0.0163055
0.0142331
0.0101586
0.0352747
0.0470976
0.0448444
0.0265162
0.0206129
0.0208775
0.0424905
0.0454344
0.0424904
0.0413106
0.0467725
0.0153307
0.0275793
0.0386548
0.0467652
0.0387784
0.0436444
0.0483062
0.0124064
0.0322405
0.0482913
0.0406952
0.0306223
0.0247623
0.0220389
0.0430819
0.0159476
0.0453611
0.0493874
0.0201807
0.0455196
0.0346621
0.0172783
0.040364
0.0111783
0.0278912
0.0112415
0.0436688
0.0233256
0.0437319
0.0349794
0.0200981
0.0490627
0.0125587
0.0487529
0.0458278
0.0413371
0.0423973
0.044134
0.0437435
0.0246378
0.0424253
0.0344387
0.0452601
0.0171876
0.0464776
0.0383419
0.0231352
0.0418387
0.0377293
0.0333159
0.0373583
0.0223914
0.0405942
0.0277223
0.0235697
0.0184855
0.0289638
0.0172385
0.0318111
0.0226957
0.042218
0.0419092
0.0217583
0.0447767
0.0406621
0.0175862
0.0361138
0.0330594
0.0117202
0.0298573
0.0476972
0.0441455
0.014296
0.0429573
0.0113331
0.0107736
0.0312992
0.0244683
0.0426122
0.0190285
0.0477842
0.0299705
0.03142
0.0383784
0.0476928
0.0449897
0.0468639
0.0266566
0.0122283
0.028675
0.0393523
0.0444463
0.0205842
0.0111106
0.039223
0.0112463
0.0186968
0.0253368
0.0343057
0.020417
0.0451941
0.0320029
0.0145625
0.04949
0.0249601
0.0158955
0.0102636
0.0462593
0.0303638
0.0428758
0.0152879
0.028148
0.0228463
0.0367078
0.0165264
0.0205392
0.0316976
0.0133903
0.0371958
0.0339259
0.0320653
0.026548
0.0283721
0.0426495
0.0276587
0.0175951
0.0438958
0.0363555
0.0329319
0.0282016
0.0467724
0.0281259
0.0102044
0.0113349
0.0276159
0.0251645
0.0172305
0.0278795
0.0214239
0.0375943
0.0207554
0.0267117
0.0157423
0.0336017
0.0134196
0.0222687
0.0441409
0.0351171
0.025659
0.0313366
0.019043
0.0477243
0.0478847
0.0374151
0.0403739
0.0255433
0.0450102
0.0342697
0.0118988
0.0279421
0.0124713
0.0486712
0.046068
0.0126757
0.0100062
0.023684
0.0278402
0.0172366
0.0415635
0.0392641
0.0448309
0.0123189
0.0159758
0.0105731
0.0359206
0.0193954
0.0228418
0.0300614
0.0445125
0.0385008
0.0113981
0.0135556
0.0362252
0.0492827
0.0409707
0.026599
0.0248261
0.0359809
0.0108687
0.0267249
0.0139231
0.01334
0.0253961
0.0499911
0.0160157
0.0254023
0.0236751
0.0338559
0.0326389
0.0152386
0.02312
0.0274698
0.0175574
0.0290958
0.0280429
0.043478
0.0384912
0.0408847
0.0235394
0.0330038
0.0293856
0.0249375
0.0365593
0.0156107
0.0242202
0.02753
0.0322098
0.0390463
0.013511
0.0330785
0.0157712
0.017434
0.0364185
0.0311673
0.0174251
0.0424342
0.0465696
0.0311002
0.0262901
0.0292085
0.0363387
0.0394101
0.0466783
0.0438962
0.0185059
0.0247212
0.0373742
0.0469971
0.015606
0.0109136
0.0300009
0.0349915
0.0258511
0.0165602
0.0406023
0.0400713
0.0340902
0.022812
0.0291176
0.0376012
0.0458905
0.0348888
0.0450352
0.032309
0.0160562
0.0124603
0.0247432
0.0126258
0.0335605
0.0410333
0.0318344
0.0198992
0.0304434
0.0285127
0.0137954
0.0389493
0.0432339
0.0411695
0.0359464
0.0488399
0.0420831
0.0159473
0.0338314
0.0179341
0.0225075
0.0244337
0.0480054
0.0465977
0.0372457
0.0271231
0.0341989
0.0331362
0.0120119
0.0292341
0.0154453
0.0180681
0.0316944
0.0301885
0.0206939
0.0152548
0.0212218
0.0425283
0.025154
0.0416651
0.021041
0.0289494
0.0306144
0.0142749
0.0201189
0.0165608
0.0131148
0.012202
0.0225081
0.0369462
0.0201361
0.0350156
0.0113799
0.0181415
0.0316133
0.0386256
0.0352646
0.0158122
0.0217618
0.0372765
0.0350463
0.0272071
0.0453446
0.0167407
0.0473956
0.0160385
0.0219955
0.0186173
0.0485668
0.0371496
0.0102824
0.0196078
0.0160989
0.0308968
0.0238827
0.0262178
0.0374577
0.0269975
0.0284198
0.0499658
0.0139436
0.0385559
0.0349814
0.0153235
0.0466974
0.0165947
0.0439491
0.031962
0.022407
0.0157109
0.0192385
0.0474533
0.0329179
0.0145831
0.014194
0.0303135
0.0206217
0.0261895
0.0389308
0.0191885
0.0133391
0.0392132
0.0287963
0.019438
0.0201101
0.042679
0.0356559
0.0475677
0.0196764
0.0140756
0.0475335
0.0236201
0.0426315
0.0325149
0.0289435
0.0393289
0.0391096
0.0228926
0.0212909
0.0115166
0.0286035
0.0305294
0.0489699
0.0115214
0.0351126
0.0131639
0.0318349
0.0457343
0.0293535
0.0207657
0.0149228
0.0326926
0.0499789
0.033719
0.0421306
0.020089
0.026398
0.0277865
0.0176567
0.0360744
0.0318621
0.0151903
0.0496945
0.0244936
0.0377052
0.028638
0.0138225
0.0268148
0.0415306
0.0251134
0.0283314
0.0201341
0.0456428
0.0273014
0.0216555
0.0307554
0.0304653
0.0434904
0.0264897
0.0498188
0.0142561
0.0314124
0.0325114
0.014235
0.0151315
0.024642
0.024324
0.0315295
0.0424285
0.0319807
0.0176039
0.0242906
0.037171
0.0172984
0.0387842
0.0248762
0.0359364
0.0426067
0.041691
0.0274671
0.0177201
0.0200224
0.0376012
0.013363
0.0373238
0.0492567
0.0341184
0.0177891
0.042747
0.0106081
0.0176079
0.0470031
0.0320205
0.0401192
0.0112381
0.037152
0.0147612
0.0255621
0.0186815
0.0471897
0.0475428
0.0262854
0.0214803
0.0347138
0.0335838
0.0102645
0.04959
0.0195202
0.0428712
0.041281
0.0369873
0.0105913
0.0113034
0.0245885
0.0139543
0.0386272
0.0238451
0.0380727
0.0464163
0.0165922
0.0386807
0.0140241
0.0135953
0.0207012
0.0441434
0.0148334
0.0478532
0.0489046
0.0303955
0.0165347
0.0460943
0.0279383
0.03282
0.0175745
0.0126521
0.0164038
0.017839
0.0122421
0.0259241
0.0107102
0.0435231
0.0129114
0.0113015
0.0448264
0.0274998
0.0152558
0.0334536
0.041345
0.0433285
0.0298699
0.0479371
0.0320092
0.033894
0.0115324
0.0427105
0.0280374
0.0163658
0.0405637
0.026942
0.0367612
0.0470983
0.0230363
0.0146995
0.0299183
0.0306108
0.0173517
0.0363222
0.0384498
0.0195937
0.0122462
0.0391601
0.0131168
0.0151576
0.0404616
0.0479433
0.0326574
0.0457174
0.0313969
0.0240024
0.039046
0.0112668
0.0219395
0.0210552
0.0351608
0.0234719
0.0137657
0.0131982
0.0298377
0.0443293
0.0301402
0.016599
0.0414276
0.0431765
0.0212985
0.021346
0.0237873
0.0286501
0.0476682
0.0122372
0.0382439
0.0499144
0.0413972
0.0413607
0.015072
0.0318588
0.039304
0.0377294
0.0275763
0.0207008
0.0117318
0.0166222
0.0219676
0.0236713
0.0276774
0.0471284
0.0371432
0.0314431
0.0103266
0.0169809
0.0257724
0.0304669
0.0235798
0.0172
0.0236434
0.0348783
0.028546
0.0374307
0.0135285
0.0262142
0.0396679
0.0417724
0.0261286
0.0310651
0.0331331
0.0312005
0.0129239
0.022437
0.0189299
0.0305002
0.0331379
0.0206616
0.0371224
0.0451055
0.0343329
0.0147998
0.0422339
0.0214761
0.0362428
0.0425605
0.028457
0.0120153
0.0230274
0.0420368
0.0192153
0.0366707
0.0269152
0.0377613
0.0241014
0.0304436
0.0139755
0.0137693
0.022216
0.030104
0.0348344
0.0453491
0.0113046
0.0377583
0.0177861
0.0202344
0.0182585
0.040924
0.0308961
0.0453808
0.0360295
0.015229
0.0101806
0.0282633
0.0267051
0.0364235
0.0208238
0.0451621
0.0384387
0.0338512
0.0371989
0.047654
0.0205219
0.0141141
0.0354153
0.0346234
0.0345577
0.0393908
0.0383927
0.0467737
0.0194949
0.0232271
0.0421229
0.0207994
0.0109854
0.049909
0.0310339
0.0192438
0.040833
0.01193
0.0146247
0.0268625
0.017159
0.0148053
0.0451258
0.0338641
0.0412287
0.0159497
0.0290261
0.0296674
0.0398009
0.016225
0.0273214
0.0103228
0.0203391
0.0127368
0.0349462
0.0448968
0.0421276
0.0233388
0.0416706
0.0116224
0.0365659
0.0337934
0.0224219
0.0375513
0.0337024
0.0434557
0.0467951
0.0245354
0.0453857
0.0114197
0.0413979
0.0125447
0.016225
0.0365238
0.0364087
0.0474537
0.0424734
0.0154349
0.0271211
0.0322743
0.0216599
0.0444426
0.0325971
0.031999
0.0471793
0.0175433
0.0268959
0.0393069
0.0308821
0.0185664
0.0409293
0.017448
0.0423599
0.0133512
0.0449992
0.0260623
0.0468069
0.0417943
0.0405977
0.0421926
0.0432141
0.0319956
0.0447372
0.0494391
0.0185194
0.031146
0.0468928
0.0109928
0.0365808
0.0240139
0.0332671
0.0482407
0.0184565
0.0158642
0.0302398
0.0156358
0.0234075
0.0471356
0.0449427
0.0442896
0.0157021
0.035872
0.0117376
0.0480619
0.0392231
0.0467368
0.0241242
0.03603
0.0385312
0.014722
0.0282226
0.0317452
0.0367176
0.0229598
0.0311843
0.045237
0.0441058
0.0280771
0.0462298
0.0306866
0.042091
0.029497
0.0289274
0.0105474
0.0353612
0.0491672
0.0161832
0.0487687
0.0463028
0.0111258
0.0430583
0.0120049
0.0369978
0.0447959
0.0100668
0.0262209
0.0415327
0.0241911
0.012251
0.0300639
0.028913
0.0304736
0.0118091
0.0156306
0.0434334
0.0329934
0.0108676
0.0375392
0.0110704
0.0470974
0.0182259
0.0431614
0.0265944
0.0371533
0.0437088
0.0119556
0.0363204
0.049892
0.0107242
0.0326232
0.0110178
0.0437825
0.0346281
0.0380156
0.0385784
0.034695
0.0142365
0.0301111
0.048886
0.0164875
0.0101749
0.027799
0.0369611
0.011984
